area_code,area_name,total,m,fm,age10,age20,age30,age40,age50,age60,남성연령대 10 상주인구 수,남성연령대 20 상주인구 수,남성연령대 30 상주인구 수,남성연령대 40 상주인구 수,남성연령대 50 상주인구 수,남성연령대 60 이상 상주인구 수,여성연령대 10 상주인구 수,여성연령대 20 상주인구 수,여성연령대 30 상주인구 수,여성연령대 40 상주인구 수,여성연령대 50 상주인구 수,여성연령대 60 이상 상주인구 수,총 가구 수,아파트 가구 수,비 아파트 가구 수
1001496,강남 마이스 관광특구,26,17,9,7,2,2,5,5,5,5,1,1,2,4,4,2,1,1,3,1,1,15,0,15
1001495,잠실 관광특구,7083,3291,3792,734,1228,1752,992,963,1414,376,500,771,488,467,689,358,728,981,504,496,725,3958,52,3906
1001494,종로·청계 관광특구,1930,1293,637,51,209,197,221,456,796,26,146,144,155,323,499,25,63,53,66,133,297,1500,180,1320
1001493,동대문패션타운 관광특구,2012,1008,1004,177,345,404,283,363,440,84,147,216,145,179,237,93,198,188,138,184,203,1134,28,1106
1001492,명동 남대문 북창동 다동 무교동 관광특구,1118,404,714,15,60,121,202,242,478,4,26,61,66,100,147,11,34,60,136,142,331,497,0,497
1001491,이태원 관광특구,5396,2573,2823,395,750,1017,824,856,1554,202,372,535,429,408,627,193,378,482,395,448,927,3366,0,3366
1001490,길동복조리시장,3178,1582,1596,463,387,486,488,510,844,266,198,250,258,225,385,197,189,236,230,285,459,1312,171,1141
1001489,둔촌역전통시장,613,311,302,98,88,73,102,118,134,50,51,33,49,68,60,48,37,40,53,50,74,261,97,164
1001488,성내골목시장,954,498,456,96,131,163,145,168,251,39,65,96,78,88,132,57,66,67,67,80,119,490,33,457
1001487,천호시장,139,71,68,3,9,16,25,35,51,1,5,4,15,21,25,2,4,12,10,14,26,117,0,117
1001486,동서울시장,180,89,91,11,12,18,33,40,66,4,5,13,19,24,24,7,7,5,14,16,42,110,0,110
1001485,고분다리골목시장,351,183,168,33,63,38,38,85,94,13,39,24,25,41,41,20,24,14,13,44,53,179,0,179
1001484,양지골목시장,843,427,416,144,119,173,144,120,143,69,71,93,75,51,68,75,48,80,69,69,75,347,0,347
1001483,암사종합시장,887,460,427,72,163,167,151,139,195,42,76,93,88,66,95,30,87,74,63,73,100,496,0,496
1001482,고덕전통시장,316,162,154,34,36,37,48,72,89,26,21,18,26,37,34,8,15,19,22,35,55,158,0,158
1001481,명일골목시장,2011,1000,1011,419,246,273,367,312,394,207,135,126,194,146,192,212,111,147,173,166,202,700,521,179
1001480,새마을시장,2387,1162,1225,211,392,534,325,350,575,116,193,255,168,170,260,95,199,279,157,180,315,1300,0,1300
1001479,석촌시장,839,421,418,101,136,132,137,158,175,46,69,64,74,86,82,55,67,68,63,72,93,421,0,421
1001478,방이시장,5244,2503,2741,652,886,1102,747,826,1031,348,422,543,366,363,461,304,464,559,381,463,570,2547,112,2435
1001477,마천시장,958,502,456,109,109,103,138,189,310,42,66,61,79,106,148,67,43,42,59,83,162,463,0,463
1001476,풍납시장,2267,1126,1141,226,281,314,354,413,679,117,149,176,182,205,297,109,132,138,172,208,382,1132,0,1132
1001475,강남개포시장,8,4,4,2,3,0,1,0,2,1,2,0,0,0,1,1,1,0,1,0,1,8,0,8
1001474,도곡시장,235,109,126,61,22,40,54,35,23,37,6,16,24,16,10,24,16,24,30,19,13,87,74,13
1001473,청담삼익시장,167,82,85,28,20,24,16,27,52,17,8,11,9,11,26,11,12,13,7,16,26,55,55,0
1001472,논현종합시장,85,38,47,11,3,15,18,7,31,4,1,6,8,5,14,7,2,9,10,2,17,43,0,43
1001471,영동전통시장,1171,547,624,93,223,302,191,150,212,42,102,140,93,75,95,51,121,162,98,75,117,722,0,722
1001470,강남시장_강남,287,131,156,39,35,52,45,34,82,21,14,25,21,16,34,18,21,27,24,18,48,108,108,0
1001469,양재시장,94,54,40,6,16,20,16,14,22,5,11,10,9,9,10,1,5,10,7,5,12,62,0,62
1001468,남부종합시장,177,86,91,35,26,14,36,27,39,19,12,6,16,13,20,16,14,8,20,14,19,73,0,73
1001467,우림시장,75,32,43,13,4,17,9,9,23,5,3,5,3,6,10,8,1,12,6,3,13,30,0,30
1001466,미성동도깨비시장,649,305,344,56,96,76,93,102,226,28,42,38,46,56,95,28,54,38,47,46,131,308,44,264
1001465,신신림시장,49,22,27,4,6,3,6,6,24,2,2,0,4,5,9,2,4,3,2,1,15,35,0,35
1001464,삼성동시장,174,105,69,8,17,16,21,36,76,5,13,9,14,20,44,3,4,7,7,16,32,121,0,121
1001463,신림중앙시장,53,31,22,4,17,14,4,3,11,2,5,11,4,1,8,2,12,3,0,2,3,42,0,42
1001462,강남골목시장,587,304,283,38,137,133,64,94,121,13,73,77,33,48,60,25,64,56,31,46,61,374,0,374
1001461,신림종합시장,3,2,1,0,0,0,2,0,1,0,0,0,1,0,1,0,0,0,1,0,0,1,0,1
1001460,관악신사시장,2249,1123,1126,222,454,392,345,344,492,120,208,211,181,181,222,102,246,181,164,163,270,1322,0,1322
1001459,신원시장,418,243,175,36,78,53,54,76,121,19,41,32,34,47,70,17,37,21,20,29,51,273,0,273
1001458,인헌시장,1476,720,756,107,298,304,207,222,338,62,122,162,102,122,150,45,176,142,105,100,188,965,0,965
1001457,봉천중앙시장,449,214,235,21,197,112,46,39,34,5,87,59,25,20,18,16,110,53,21,19,16,336,0,336
1001456,봉천현대시장,13,5,8,1,3,0,2,4,3,1,1,0,1,2,0,0,2,0,1,2,3,7,0,7
1001455,봉일시장,100,50,50,1,44,22,4,8,21,0,21,13,2,4,10,1,23,9,2,4,11,75,0,75
1001454,봉천제일종합시장,427,192,235,12,166,67,37,62,83,6,55,37,19,41,34,6,111,30,18,21,49,339,0,339
1001453,낙성대시장,613,289,324,37,252,140,58,51,75,21,98,78,32,22,38,16,154,62,26,29,37,441,0,441
1001452,중부시장,649,301,348,49,188,136,70,63,143,24,64,77,38,36,62,25,124,59,32,27,81,422,0,422
1001451,사당시장,7,4,3,0,3,0,0,3,1,0,2,0,0,1,1,0,1,0,0,2,0,2,0,2
1001450,남성역골목시장,563,240,323,46,114,81,74,78,170,24,44,36,31,39,66,22,70,45,43,39,104,313,0,313
1001449,남성사계시장,572,275,297,35,96,97,77,85,182,16,43,48,45,45,78,19,53,49,32,40,104,354,0,354
1001448,흑석시장,1055,492,563,155,159,127,168,170,276,80,82,60,82,85,103,75,77,67,86,85,173,481,0,481
1001447,상도4동도깨비골목시장,1920,939,981,153,280,299,263,308,617,80,143,171,139,141,265,73,137,128,124,167,352,1084,0,1084
1001446,성대시장,178,84,94,11,62,30,20,34,21,6,19,19,8,19,13,5,43,11,12,15,8,111,0,111
1001445,영도시장,56,26,30,1,8,6,9,13,19,0,5,3,6,5,7,1,3,3,3,8,12,40,0,40
1001444,상도전통시장,1623,780,843,130,333,240,214,237,469,75,169,127,99,121,189,55,164,113,115,116,280,945,0,945
1001443,강남시장_동작,120,46,74,7,25,22,17,9,40,4,7,9,7,2,17,3,18,13,10,7,23,70,70,0
1001442,신노량진시장,16,8,8,0,4,1,3,5,3,0,1,1,1,3,2,0,3,0,2,2,1,10,0,10
1001441,본동인정시장,442,241,201,33,85,65,70,77,112,18,55,38,45,40,45,15,30,27,25,37,67,268,0,268
1001440,노량진중앙시장,165,100,65,7,64,40,11,15,28,2,37,32,8,11,10,5,27,8,3,4,18,130,0,130
1001439,대림중앙시장,402,197,205,30,48,48,59,79,138,17,27,30,28,35,60,13,21,18,31,44,78,216,0,216
1001438,우리시장,333,164,169,29,36,43,37,63,125,16,20,22,19,33,54,13,16,21,18,30,71,164,0,164
1001437,영진시장A동,123,60,63,17,19,12,17,20,38,8,7,6,6,10,23,9,12,6,11,10,15,51,51,0
1001436,사러가시장,91,40,51,12,10,2,21,15,31,8,4,0,10,5,13,4,6,2,11,10,18,45,0,45
1001435,대신시장,107,51,56,8,11,10,18,14,46,4,7,4,8,6,22,4,4,6,10,8,24,41,0,41
1001433,영일시장,721,373,348,74,119,144,108,91,185,41,58,85,60,55,74,33,61,59,48,36,111,396,122,274
1001432,도림시장,67,32,35,5,31,7,4,7,13,2,15,6,2,3,4,3,16,1,2,4,9,47,0,47
1001431,영등포청과시장,287,155,132,23,44,40,44,46,90,14,19,26,27,27,42,9,25,14,17,19,48,157,0,157
1001430,영등포전통시장,2332,1456,876,81,323,436,361,431,700,51,144,271,255,321,414,30,179,165,106,110,286,1803,500,1303
1001429,은행나무시장,403,199,204,44,42,61,71,61,124,23,22,38,38,33,45,21,20,23,33,28,79,186,0,186
1001428,박미시장,287,150,137,20,29,27,60,48,103,15,14,14,27,28,52,5,15,13,33,20,51,175,0,175
1001427,현대시장,2195,1058,1137,203,312,278,289,455,658,103,153,151,135,225,291,100,159,127,154,230,367,1189,0,1189
1001426,대명시장,10,5,5,0,2,1,0,2,5,0,1,0,0,2,2,0,1,1,0,0,3,7,0,7
1001425,푸른터시장,43,24,19,6,1,14,6,4,12,4,0,9,3,2,6,2,1,5,3,2,6,18,0,18
1001424,남문시장,1682,834,848,179,228,183,247,416,429,87,111,98,116,229,193,92,117,85,131,187,236,831,0,831
1001423,독산동 우시장,86,47,39,0,31,18,15,11,11,0,5,14,12,9,7,0,26,4,3,2,4,77,0,77
1001422,오류시장,159,85,74,10,14,19,17,34,65,5,9,11,13,20,27,5,5,8,4,14,38,95,0,95
1001421,개봉중앙시장,370,170,200,48,61,52,62,66,81,21,27,34,25,30,33,27,34,18,37,36,48,158,0,158
1001420,고척근린시장,611,303,308,73,67,74,92,108,197,38,27,45,47,58,88,35,40,29,45,50,109,272,61,211
1001419,가리봉시장,256,133,123,25,29,22,34,58,88,11,13,15,17,36,41,14,16,7,17,22,47,154,0,154
1001418,남구로시장,657,364,293,66,46,66,108,147,224,25,24,37,69,95,114,41,22,29,39,52,110,389,0,389
1001417,구로시장,123,64,59,12,11,13,16,32,39,3,6,7,10,20,18,9,5,6,6,12,21,76,0,76
1001416,공항시장,172,80,92,2,85,41,20,10,14,2,23,22,14,8,11,0,62,19,6,2,3,157,0,157
1001415,방신전통시장,588,291,297,72,81,76,94,106,159,33,41,37,53,57,70,39,40,39,41,49,89,262,92,170
1001414,송화골목시장,522,257,265,90,73,78,84,93,104,46,33,37,33,57,51,44,40,41,51,36,53,230,0,230
1001413,까치산시장,1150,530,620,141,166,231,163,161,288,70,70,119,82,73,116,71,96,112,81,88,172,571,28,543
1001412,화곡본동시장,353,158,195,43,44,76,55,40,95,20,16,37,25,15,45,23,28,39,30,25,50,173,0,173
1001411,남부골목시장,1877,904,973,197,243,286,271,345,535,103,131,141,138,168,223,94,112,145,133,177,312,866,0,866
1001409,화곡중앙골목시장,1056,514,542,183,133,189,158,176,217,80,60,108,84,78,104,103,73,81,74,98,113,453,0,453
1001408,신월중앙시장,70,40,30,12,13,14,10,6,15,5,10,8,6,4,7,7,3,6,4,2,8,39,0,39
1001407,등마루시장,4,3,1,0,1,0,0,2,1,0,1,0,0,2,0,0,0,0,0,0,1,4,0,4
1001406,신정3동골목시장,263,161,102,27,23,28,42,65,78,13,12,16,33,49,38,14,11,12,9,16,40,168,0,168
1001405,신정2동골목시장,473,235,238,62,55,70,90,65,131,32,24,41,44,35,59,30,31,29,46,30,72,222,0,222
1001404,신정제일시장,169,71,98,20,17,16,23,34,59,6,4,9,11,16,25,14,13,7,12,18,34,87,0,87
1001403,신월7동골목시장,127,61,66,13,24,15,18,23,34,5,12,8,12,10,14,8,12,7,6,13,20,46,0,46
1001402,신월6동골목시장,168,93,75,16,21,16,24,36,55,10,16,10,13,20,24,6,5,6,11,16,31,82,0,82
1001401,신곡종합시장,62,30,32,16,4,16,15,4,7,9,2,5,8,3,3,7,2,11,7,1,4,23,22,1
1001400,신월3동골목시장,342,187,155,31,43,26,53,77,112,17,21,14,32,47,56,14,22,12,21,30,56,187,0,187
1001399,경창시장,365,171,194,68,36,49,57,52,103,33,18,23,29,25,43,35,18,26,28,27,60,133,0,133
1001398,월정로시장,1666,840,826,215,194,218,247,330,462,116,97,118,117,175,217,99,97,100,130,155,245,766,45,721
1001397,신영시장,1199,589,610,170,155,138,210,225,301,79,83,62,121,109,135,91,72,76,89,116,166,563,0,563
1001396,목4동시장,1159,583,576,162,210,124,180,235,248,95,129,54,79,112,114,67,81,70,101,123,134,452,46,406
1001395,목3동시장,1169,585,584,142,188,243,186,171,239,68,82,142,106,81,106,74,106,101,80,90,133,585,105,480
1001394,목2동시장,1213,615,598,101,181,250,154,193,334,48,86,139,80,98,164,53,95,111,74,95,170,728,73,655
1001392,동진시장,36,20,16,4,6,7,5,4,10,3,3,2,4,2,6,1,3,5,1,2,4,18,0,18
1001391,망원월드컵시장,807,365,442,129,114,143,137,105,179,63,45,63,67,46,81,66,69,80,70,59,98,357,0,357
1001390,망원시장,1975,936,1039,225,264,380,327,291,488,123,131,182,158,138,204,102,133,198,169,153,284,1039,0,1039
1001389,합정시장,87,35,52,7,15,27,10,11,17,4,7,11,4,5,4,3,8,16,6,6,13,40,40,0
1001388,영진시장,250,108,142,36,33,60,31,34,56,17,14,25,16,13,23,19,19,35,15,21,33,125,125,0
1001387,서교시장,25,18,7,1,4,10,1,2,7,1,3,7,1,2,4,0,1,3,0,0,3,23,0,23
1001386,신수시장,68,29,39,7,7,16,9,8,21,3,5,7,4,3,7,4,2,9,5,5,14,35,0,35
1001385,아현시장,406,191,215,50,58,40,72,53,133,30,25,21,35,25,55,20,33,19,37,28,78,213,0,213
1001384,마포시장,9,3,6,3,0,0,0,1,5,1,0,0,0,1,1,2,0,0,0,0,4,6,0,6
1001383,공덕시장,12,7,5,0,3,1,1,5,2,0,2,0,1,3,1,0,1,1,0,2,1,5,0,5
1001382,백련시장,155,70,85,14,16,27,22,25,51,9,9,7,13,12,20,5,7,20,9,13,31,68,68,0
1001381,모래내시장,384,195,189,20,39,32,42,75,176,9,19,19,26,46,76,11,20,13,16,29,100,233,0,233
1001380,포방터시장,510,255,255,61,65,63,79,91,151,30,39,34,40,51,61,31,26,29,39,40,90,250,0,250
1001379,인왕시장,308,153,155,27,39,33,45,65,99,16,14,22,24,36,41,11,25,11,21,29,58,160,45,115
1001378,아현가구거리상점가,128,69,59,5,26,14,17,26,40,4,17,9,8,12,19,1,9,5,9,14,21,74,0,74
1001377,영천시장,360,186,174,27,48,36,64,73,112,13,26,22,41,37,47,14,22,14,23,36,65,229,0,229
1001376,수일시장,114,53,61,4,10,11,10,22,57,1,5,8,5,10,24,3,5,3,5,12,33,70,0,70
1001375,증산종합시장,164,72,92,28,19,22,22,35,38,14,6,11,12,14,15,14,13,11,10,21,23,70,0,70
1001374,대림골목시장,606,300,306,67,64,80,80,115,200,34,40,38,44,66,78,33,24,42,36,49,122,299,0,299
1001373,신응암시장,210,108,102,40,26,31,37,29,47,20,13,17,20,17,21,20,13,14,17,12,26,85,0,85
1001372,녹번시장,15,10,5,3,2,0,3,2,5,3,1,0,1,2,3,0,1,0,2,0,2,7,0,7
1001371,대조시장,482,239,243,62,69,78,86,70,117,30,38,41,46,37,47,32,31,37,40,33,70,240,0,240
1001370,역촌중앙시장,11,8,3,0,0,0,2,5,4,0,0,0,0,5,3,0,0,0,2,0,1,11,0,11
1001369,갈현시장,177,87,90,10,65,51,16,12,23,4,28,26,13,5,11,6,37,25,3,7,12,133,0,133
1001368,연서시장,256,125,131,21,27,34,33,43,98,12,13,21,19,19,41,9,14,13,14,24,57,130,0,130
1001367,상계중앙시장,1972,961,1011,246,336,182,330,361,517,118,169,101,170,176,227,128,167,81,160,185,290,880,129,751
1001365,공릉동도깨비시장,1582,788,794,166,343,302,184,240,347,71,162,164,98,121,172,95,181,138,86,119,175,802,0,802
1001364,방학동도깨비시장,1000,502,498,104,156,103,154,193,290,56,95,53,77,94,127,48,61,50,77,99,163,473,0,473
1001363,쌍문역골목시장,763,366,397,68,142,109,109,100,235,33,64,61,52,43,113,35,78,48,57,57,122,399,0,399
1001362,백운시장,374,176,198,48,60,47,63,54,102,23,28,22,32,26,45,25,32,25,31,28,57,183,0,183
1001361,신도봉시장,174,89,85,9,35,18,24,39,49,1,20,13,8,23,24,8,15,5,16,16,25,82,0,82
1001360,창동골목시장,1245,605,640,136,162,155,187,230,375,68,82,82,92,121,160,68,80,73,95,109,215,617,0,617
1001359,창동신창시장,2295,1126,1169,303,338,350,364,424,516,143,173,177,194,197,242,160,165,173,170,227,274,956,0,956
1001358,수유북부시장,63,33,30,4,7,5,11,6,30,3,4,2,8,2,14,1,3,3,3,4,16,29,0,29
1001357,장미원골목시장,1479,719,760,215,210,232,208,243,371,117,107,131,92,126,146,98,103,101,116,117,225,638,0,638
1001356,수유중앙시장,49,29,20,6,11,4,8,12,8,5,7,2,6,7,2,1,4,2,2,5,6,19,0,19
1001355,강북종합시장,734,381,353,57,121,106,99,154,197,30,51,59,61,86,94,27,70,47,38,68,103,427,0,427
1001354,우이시장,1669,821,848,232,225,199,275,299,439,114,123,117,135,147,185,118,102,82,140,152,254,725,0,725
1001353,수유전통시장,628,306,322,59,103,85,93,110,178,28,50,43,48,55,82,31,53,42,45,55,96,317,87,230
1001352,번동북부골목시장,1164,575,589,155,181,190,208,169,261,78,91,96,110,83,117,77,90,94,98,86,144,539,101,438
1001351,솔샘시장,138,68,70,10,20,16,19,25,48,4,10,10,10,12,22,6,10,6,9,13,26,73,0,73
1001350,숭인시장,232,124,108,19,22,34,44,52,61,8,10,16,28,33,29,11,12,18,16,19,32,142,0,142
1001349,방천골목시장,1530,760,770,131,278,191,242,272,416,72,133,107,126,127,195,59,145,84,116,145,221,861,0,861
1001348,동북시장,30,15,15,5,2,3,3,3,14,2,2,1,2,1,7,3,0,2,1,2,7,15,0,15
1001347,석관황금시장,1847,959,888,194,250,224,291,345,543,95,145,130,158,188,243,99,105,94,133,157,300,903,0,903
1001346,석관시장,158,88,70,17,23,17,29,28,44,10,13,10,21,15,19,7,10,7,8,13,25,85,0,85
1001345,새석관시장,80,42,38,5,10,9,9,18,29,4,4,5,7,10,12,1,6,4,2,8,17,47,0,47
1001344,번동시장,30,16,14,7,3,2,5,6,7,5,1,1,2,3,4,2,2,1,3,3,3,12,0,12
1001343,장위전통시장,1115,542,573,139,123,125,163,214,351,69,66,65,93,98,151,70,57,60,70,116,200,493,0,493
1001342,밤나무골시장,236,114,122,34,20,37,31,42,72,20,8,21,16,20,29,14,12,16,15,22,43,112,0,112
1001341,길음시장,17,13,4,0,2,2,4,4,5,0,2,1,4,2,4,0,0,1,0,2,1,17,0,17
1001340,정릉시장,1419,730,689,167,261,202,189,215,385,90,148,115,103,99,175,77,113,87,86,116,210,665,0,665
1001339,정릉아리랑시장,1058,517,541,185,133,158,208,153,221,98,62,91,104,73,89,87,71,67,104,80,132,432,136,296
1001338,돈암제일시장,218,96,122,22,30,37,19,27,83,9,12,22,12,10,31,13,18,15,7,17,52,120,0,120
1001337,유영시장,116,60,56,18,13,11,26,21,27,9,9,6,12,11,13,9,4,5,14,10,14,52,0,52
1001336,우림골목시장,2088,1079,1009,222,258,284,288,426,610,112,133,165,161,223,285,110,125,119,127,203,325,1054,40,1014
1001335,묵1동도깨비시장,1448,727,721,254,165,266,240,192,331,126,89,134,137,86,155,128,76,132,103,106,176,587,0,587
1001334,태능시장,967,496,471,114,131,132,121,207,262,57,70,73,59,107,130,57,61,59,62,100,132,444,0,444
1001333,중화제일시장,1890,949,941,226,294,254,315,350,451,123,145,140,157,173,211,103,149,114,158,177,240,913,0,913
1001332,사가정시장,1864,929,935,156,307,279,262,331,529,77,166,162,129,156,239,79,141,117,133,175,290,960,0,960
1001331,면목골목시장,1289,672,617,174,179,171,220,226,319,97,98,89,122,117,149,77,81,82,98,109,170,626,0,626
1001330,동원시장,2118,1046,1072,233,308,295,294,393,595,114,158,164,158,193,259,119,150,131,136,200,336,1048,0,1048
1001329,동부골목시장,1529,789,740,143,268,322,217,252,327,72,126,183,113,140,155,71,142,139,104,112,172,876,0,876
1001328,이문제일시장,73,33,40,13,10,4,12,18,16,4,5,2,5,10,7,9,5,2,7,8,9,30,0,30
1001327,이경시장,235,122,113,15,29,22,32,46,91,10,15,9,18,28,42,5,14,13,14,18,49,113,0,113
1001326,회기시장,1222,527,695,81,519,204,104,104,210,25,225,97,44,47,89,56,294,107,60,57,121,949,0,949
1001325,청량리청과물시장,58,41,17,2,5,5,9,15,22,1,1,5,7,12,15,1,4,0,2,3,7,46,0,46
1001324,전곡시장,237,114,123,36,19,24,51,34,73,17,9,16,24,12,36,19,10,8,27,22,37,114,0,114
1001323,답십리시장,438,204,234,52,58,66,66,74,122,20,27,31,33,36,57,32,31,35,33,38,65,211,0,211
1001321,답십리현대시장,322,164,158,32,32,33,43,60,122,19,14,23,28,35,45,13,18,10,15,25,77,173,0,173
1001320,전농로터리시장,92,56,36,3,12,7,16,22,32,2,10,5,11,11,17,1,2,2,5,11,15,56,0,56
1001319,청량리종합시장,96,53,43,0,8,12,12,15,49,0,4,6,10,9,24,0,4,6,2,6,25,54,0,54
1001318,청량리전통시장,167,130,37,1,7,11,17,45,86,1,5,8,16,37,63,0,2,3,1,8,23,140,0,140
1001317,청량리농수산물시장,177,86,91,27,30,18,19,42,41,20,16,10,8,13,19,7,14,8,11,29,22,77,0,77
1001316,서울약령시장,2074,1106,968,125,249,270,299,378,753,73,132,154,178,211,358,52,117,116,121,167,395,1376,0,1376
1001315,동서시장,3,3,0,0,0,0,0,3,0,0,0,0,0,3,0,0,0,0,0,0,0,3,0,3
1001314,경동시장,8,4,4,0,0,0,1,1,6,0,0,0,1,1,2,0,0,0,0,0,4,6,0,6
1001313,청량리수산시장,479,257,222,34,79,93,69,62,142,20,37,53,44,34,69,14,42,40,25,28,73,313,0,313
1001312,용두시장,22,15,7,1,1,1,3,5,11,0,1,1,2,4,7,1,0,0,1,1,4,14,0,14
1001310,구의시장,158,78,80,23,32,26,19,20,38,10,15,16,8,12,17,13,17,10,11,8,21,72,0,72
1001309,조양시장,78,36,42,3,28,15,6,7,19,2,13,7,1,6,7,1,15,8,5,1,12,51,0,51
1001308,영동교골목시장,954,476,478,73,141,111,137,188,304,40,69,59,79,98,131,33,72,52,58,90,173,527,0,527
1001307,능동로골목시장,368,197,171,35,50,49,41,75,118,18,28,24,23,42,62,17,22,25,18,33,56,197,0,197
1001306,노룬산골목시장,194,95,99,10,19,35,23,37,70,7,12,19,12,21,24,3,7,16,11,16,46,125,0,125
1001305,자양종합시장,59,31,28,13,7,13,9,11,6,6,3,8,5,5,4,7,4,5,4,6,2,19,0,19
1001304,자양골목시장,2013,972,1041,265,332,387,283,317,429,151,167,191,143,140,180,114,165,196,140,177,249,950,0,950
1001303,신성골목시장,99,47,52,12,14,13,12,19,29,7,6,9,6,7,12,5,8,4,6,12,17,42,0,42
1001302,면곡골목시장,452,237,215,45,73,72,66,102,94,28,35,35,37,57,45,17,38,37,29,45,49,222,0,222
1001301,중곡제일시장,802,411,391,116,118,111,114,165,178,59,61,70,53,80,88,57,57,41,61,85,90,356,0,356
1001300,화양제일골목시장,928,401,527,49,375,196,99,76,133,27,127,102,48,39,58,22,248,94,51,37,75,679,0,679
1001299,한아름시장,12,10,2,0,6,2,1,1,2,0,4,2,1,1,2,0,2,0,0,0,0,12,0,12
1001298,성동용답상가시장,1990,1009,981,217,285,267,316,382,523,117,146,145,156,197,248,100,139,122,160,185,275,962,0,962
1001297,뚝도시장,572,315,257,52,83,67,80,130,160,28,52,43,48,67,77,24,31,24,32,63,83,307,80,227
1001296,금남시장,255,130,125,19,24,31,45,47,89,12,12,17,27,27,35,7,12,14,18,20,54,148,0,148
1001295,행당시장,1537,764,773,148,348,226,216,275,324,79,156,128,106,138,157,69,192,98,110,137,167,881,0,881
1001294,마장축산물시장,335,184,151,41,41,36,60,50,107,25,24,19,37,30,49,16,17,17,23,20,58,181,1,180
1001293,보광시장,4,1,3,0,0,0,1,0,3,0,0,0,0,0,1,0,0,0,1,0,2,3,0,3
1001292,이태원제일시장,45,20,25,4,4,9,9,4,15,3,2,3,7,0,5,1,2,6,2,4,10,28,0,28
1001291,이태원시장,63,30,33,7,6,12,7,15,16,4,2,6,6,7,5,3,4,6,1,8,11,32,0,32
1001290,이촌종합시장,99,56,43,9,14,10,18,22,26,2,11,6,10,13,14,7,3,4,8,9,12,53,5,48
1001289,용문전통시장,466,239,227,51,70,90,62,63,130,23,39,62,32,33,50,28,31,28,30,30,80,252,0,252
1001288,만리시장,32,19,13,2,2,0,3,7,18,1,2,0,2,5,9,1,0,0,1,2,9,19,0,19
1001287,신흥시장,97,54,43,6,8,22,8,19,34,0,7,14,5,13,15,6,1,8,3,6,19,61,0,61
1001286,후암시장,285,148,137,23,44,46,32,65,75,8,27,26,20,34,33,15,17,20,12,31,42,158,81,77
1001285,합동(새벽)시장,93,74,19,6,5,9,16,23,34,3,4,5,13,22,27,3,1,4,3,1,7,84,0,84
1001284,서울중앙시장,1014,543,471,75,120,116,128,200,375,44,70,71,67,113,178,31,50,45,61,87,197,589,0,589
1001283,백학시장,829,444,385,79,103,100,122,182,243,40,69,55,73,93,114,39,34,45,49,89,129,413,0,413
1001282,약수시장,927,432,495,117,141,127,134,146,262,65,61,52,69,73,112,52,80,75,65,73,150,475,0,475
1001281,청평화시장,1,1,0,0,0,0,1,0,0,0,0,0,1,0,0,0,0,0,0,0,0,1,0,1
1001279,동평화시장,54,24,30,3,5,7,2,19,18,3,3,1,1,8,8,0,2,6,1,11,10,35,28,7
1001277,방산종합시장,289,195,94,9,36,35,28,65,116,7,22,21,20,48,77,2,14,14,8,17,39,214,0,214
1001276,평화시장,5,4,1,0,0,2,1,0,2,0,0,2,0,0,2,0,0,0,1,0,0,5,0,5
1001275,인현시장,143,81,62,10,16,12,17,32,56,7,7,6,12,22,27,3,9,6,5,10,29,83,0,83
1001274,신중부시장,272,190,82,7,17,24,31,75,118,6,11,15,23,59,76,1,6,9,8,16,42,212,0,212
1001273,남대문시장,79,49,30,0,3,7,14,22,33,0,1,6,9,15,18,0,2,1,5,7,15,62,0,62
1001272,신설종합시장,13,11,2,0,1,2,1,5,4,0,1,2,1,4,3,0,0,0,0,1,1,10,0,10
1001271,동묘시장,781,433,348,29,202,131,94,114,211,15,94,67,57,76,124,14,108,64,37,38,87,602,63,539
1001270,창신골목시장,372,187,185,27,37,34,59,64,151,8,22,23,34,39,61,19,15,11,25,25,90,230,0,230
1001269,동문시장,63,33,30,4,8,8,11,9,23,2,4,7,2,6,12,2,4,1,9,3,11,36,0,36
1001268,충신시장,171,89,82,17,21,14,30,34,55,8,13,11,14,17,26,9,8,3,16,17,29,84,0,84
1001267,종로신진시장,110,76,34,1,7,8,15,32,47,1,2,5,14,21,33,0,5,3,1,11,14,89,0,89
1001266,동대문종합시장,2,2,0,0,0,0,1,1,0,0,0,0,1,1,0,0,0,0,0,0,0,2,0,2
1001265,광장시장,61,30,31,1,9,2,5,21,23,1,6,0,2,12,9,0,3,2,3,9,14,47,0,47
1001264,통인시장,688,305,383,89,90,89,114,109,197,41,36,39,52,56,81,48,54,50,62,53,116,325,44,281
1001263,서울 노원구 노원역_3,258,164,94,5,49,37,41,48,78,2,20,23,25,36,58,3,29,14,16,12,20,213,0,213
1001262,서울 노원구 노원역_2,18,15,3,0,1,1,3,4,9,0,1,1,3,4,6,0,0,0,0,0,3,16,0,16
1001261,서울 노원구 노원역_1,690,309,381,112,90,94,100,143,151,47,43,42,45,65,67,65,47,52,55,78,84,280,278,2
1001260,창동역,627,377,250,46,105,105,128,124,119,19,47,65,84,87,75,27,58,40,44,37,44,483,0,483
1001259,서울 강북구 수유역_3,730,427,303,47,160,110,103,127,183,22,85,58,65,85,112,25,75,52,38,42,71,510,0,510
1001258,등나무근린공원 주변,191,81,110,27,22,48,53,25,16,10,9,21,25,10,6,17,13,27,28,15,10,107,0,107
1001257,서울 강북구 수유역_2,2128,1050,1078,124,364,409,350,374,507,58,155,220,189,198,230,66,209,189,161,176,277,1424,0,1424
1001256,서울 강북구 수유역_1,795,394,401,59,176,157,122,124,157,31,76,83,66,61,77,28,100,74,56,63,80,462,0,462
1001255,서울 은평구 연신내역_3,112,59,53,3,27,15,23,22,22,2,10,5,14,12,16,1,17,10,9,10,6,97,0,97
1001254,서울 은평구 연신내역_2,1059,520,539,88,218,188,169,169,227,44,98,98,93,89,98,44,120,90,76,80,129,619,0,619
1001253,서울 은평구 연신내역_1,221,95,126,17,56,39,39,29,41,11,22,16,15,10,21,6,34,23,24,19,20,140,0,140
1001252,서울 성북구 미아삼거리역_2,452,248,204,28,70,64,57,91,142,14,39,38,28,53,76,14,31,26,29,38,66,259,0,259
1001251,서울 강북구 미아삼거리역_1,368,201,167,24,41,48,65,64,126,17,25,25,39,33,62,7,16,23,26,31,64,218,0,218
1001250,서울 은평구 불광역_3,775,334,441,54,245,250,79,67,80,20,79,124,37,34,40,34,166,126,42,33,40,552,173,379
1001249,서울 은평구 불광역_2,668,328,340,38,178,139,93,82,138,17,87,71,44,41,68,21,91,68,49,41,70,454,0,454
1001248,서울 은평구 불광역_1,537,268,269,35,98,99,58,92,155,22,46,49,31,48,72,13,52,50,27,44,83,337,0,337
1001247,미아사거리_2,90,44,46,8,8,13,12,16,33,3,7,5,7,7,15,5,1,8,5,9,18,56,0,56
1001246,미아사거리_1,914,438,476,144,165,139,157,144,165,81,64,65,78,65,85,63,101,74,79,79,80,417,239,178
1001245,서울 성북구 성신여대입구역,1091,500,591,72,272,238,148,157,204,35,103,108,73,88,93,37,169,130,75,69,111,758,0,758
1001244,경희대학교,370,160,210,33,137,53,39,30,78,10,49,26,24,15,36,23,88,27,15,15,42,257,0,257
1001243,서울 성북구 안암역,371,183,188,25,174,50,25,34,63,15,79,28,16,19,26,10,95,22,9,15,37,265,0,265
1001242,혜화역 대학로_3,628,298,330,35,208,112,64,82,127,18,92,52,35,44,57,17,116,60,29,38,70,439,0,439
1001241,혜화역 대학로_2,804,396,408,66,313,135,76,94,120,36,148,74,44,41,53,30,165,61,32,53,67,537,0,537
1001240,혜화역 대학로_1,486,236,250,47,112,87,65,63,112,27,57,41,35,32,44,20,55,46,30,31,68,294,0,294
1001239,디지털미디어시티,1576,707,869,216,459,356,303,158,84,106,164,161,155,84,37,110,295,195,148,74,47,974,102,872
1001238,서울 동대문구 청량리역,2803,1414,1389,280,392,351,344,541,895,125,176,183,181,292,457,155,216,168,163,249,438,1361,697,664
1001237,서울 종로구 경복궁역_2,308,140,168,32,53,66,50,42,65,18,28,35,18,12,29,14,25,31,32,30,36,182,0,182
1001236,서울 종로구 안국역_2,280,130,150,28,36,33,36,55,92,16,20,15,13,27,39,12,16,18,23,28,53,151,0,151
1001235,서울 종로구 안국역_1,116,47,69,13,10,15,23,15,40,6,4,4,11,9,13,7,6,11,12,6,27,68,0,68
1001234,서울 종로구 경복궁역_1,582,283,299,55,71,84,95,96,181,29,37,48,46,43,80,26,34,36,49,53,101,304,0,304
1001233,서울 종로구 종로3가역_3,147,118,29,6,11,10,17,45,58,2,8,9,14,38,47,4,3,1,3,7,11,115,0,115
1001232,서울 종로구 종로3가역_2,2251,1543,708,41,83,125,234,567,1201,23,54,74,173,443,776,18,29,51,61,124,425,1971,0,1971
1001231,서울 동대문구 신설동역_2,418,256,162,16,97,92,55,70,88,7,45,52,42,51,59,9,52,40,13,19,29,340,0,340
1001230,인사동,769,410,359,64,78,98,110,120,299,44,41,44,61,69,151,20,37,54,49,51,148,491,150,341
1001229,서울 종로구 종로5가역_4,290,171,119,18,45,35,38,53,101,10,30,22,25,38,46,8,15,13,13,15,55,193,0,193
1001228,서울 종로구 종로5가역_3,715,432,283,45,40,63,110,158,299,25,26,40,71,102,168,20,14,23,39,56,131,501,0,501
1001227,종로구청,550,310,240,42,76,77,89,111,155,26,42,45,43,65,89,16,34,32,46,46,66,372,39,333
1001226,서울 종로구 종로5가역_2,2044,1021,1023,196,523,414,227,284,400,91,247,207,119,145,212,105,276,207,108,139,188,1222,0,1222
1001225,신설동역,424,261,163,11,121,88,52,73,79,7,47,54,35,58,60,4,74,34,17,15,19,359,0,359
1001224,서울 동대문구 신설동역_1,306,180,126,13,79,58,42,50,64,5,31,31,27,39,47,8,48,27,15,11,17,267,0,267
1001223,서울 종로구 광화문역_2,2467,1088,1379,352,303,447,410,346,609,175,137,182,162,163,269,177,166,265,248,183,340,1234,120,1114
1001222,동묘앞역,873,424,449,114,130,109,120,158,242,55,72,62,61,73,101,59,58,47,59,85,141,346,250,96
1001221,장안동사거리,4026,1984,2042,462,788,955,680,517,624,246,330,504,355,253,296,216,458,451,325,264,328,2240,482,1758
1001220,서울 종로구 동대문역_2,584,392,192,15,44,61,55,142,267,9,24,44,38,107,170,6,20,17,17,35,97,442,0,442
1001219,서울 종로구 동대문역_1,124,64,60,10,19,11,13,28,43,3,11,3,7,16,24,7,8,8,6,12,19,67,0,67
1001218,동대문시장_2,27,14,13,2,1,3,4,4,13,1,0,2,2,2,7,1,1,1,2,2,6,23,0,23
1001217,서울 종로구 종로5가역_1,23,5,18,0,1,1,1,5,15,0,1,0,0,1,3,0,0,1,1,4,12,20,0,20
1001216,서울 종로구 종로3가역_1,193,155,38,6,39,22,25,49,52,3,31,17,19,43,42,3,8,5,6,6,10,175,0,175
1001215,서울 종로구 광화문역_1,12,7,5,1,1,0,2,5,3,0,0,0,1,4,2,1,1,0,1,1,1,9,0,9
1001214,종각역,3,2,1,0,0,1,1,1,0,0,0,0,1,1,0,0,0,1,0,0,0,3,0,3
1001213,종각역 젊음의 거리,164,120,44,4,53,33,23,21,30,2,39,25,16,15,23,2,14,8,7,6,7,141,0,141
1001212,서대문구 서대문역_1,1425,695,730,332,128,310,264,176,215,162,53,133,148,96,103,170,75,177,116,80,112,548,0,548
1001211,동대문시장_1,32,16,16,0,7,10,2,6,7,0,0,8,1,4,3,0,7,2,1,2,4,30,0,30
1001210,시청역_2,289,131,158,53,24,92,59,26,35,20,8,49,26,14,14,33,16,43,33,12,21,159,82,77
1001209,서울시청,73,45,28,6,0,7,10,18,32,2,0,5,6,10,22,4,0,2,4,8,10,52,0,52
1001208,서울 중구 을지로3가역_2,487,305,182,5,34,28,59,115,246,2,17,16,45,83,142,3,17,12,14,32,104,386,79,307
1001207,서울 중구 신당역_2,286,143,143,14,59,63,37,50,63,8,19,33,21,26,36,6,40,30,16,24,27,202,0,202
1001206,서대문구 서대문역_2,878,434,444,63,207,201,107,139,161,32,81,108,57,72,84,31,126,93,50,67,77,587,0,587
1001205,동대문역사문화공원역,433,265,168,12,48,55,51,102,165,4,25,39,28,70,99,8,23,16,23,32,66,322,0,322
1001204,서울 중구 을지로3가역_1,325,191,134,6,67,54,39,53,106,1,26,29,24,38,73,5,41,25,15,15,33,273,0,273
1001203,명동거리,139,81,58,6,17,19,26,34,37,2,7,13,16,20,23,4,10,6,10,14,14,102,0,102
1001201,서울 중구 신당역_1,870,482,388,77,106,107,132,201,247,32,60,64,78,119,129,45,46,43,54,82,118,504,0,504
1001200,북창동,250,158,92,3,24,37,36,51,99,0,12,30,24,30,62,3,12,7,12,21,37,221,0,221
1001199,서울 중구 충무로역_2,1434,757,677,132,184,182,181,263,492,70,88,94,108,152,245,62,96,88,73,111,247,761,158,603
1001198,서울 강서구 송정역,2167,1074,1093,147,446,398,250,363,563,76,221,202,131,179,265,71,225,196,119,184,298,1417,21,1396
1001197,장한평역_2,1406,735,671,128,254,312,218,226,268,68,102,165,122,132,146,60,152,147,96,94,122,810,0,810
1001196,시청역_1,360,188,172,57,32,87,74,43,67,34,14,39,46,22,33,23,18,48,28,21,34,161,0,161
1001195,왕십리역_2,531,252,279,41,164,86,68,72,100,15,73,41,41,38,44,26,91,45,27,34,56,330,0,330
1001194,서울 강서구 발산역,107,57,50,2,24,34,21,17,9,2,11,19,12,7,6,0,13,15,9,10,3,84,0,84
1001193,장한평역_1,206,142,64,10,25,26,37,64,44,7,13,17,32,48,25,3,12,9,5,16,19,151,0,151
1001192,서울 중구 충무로역_1,773,383,390,40,127,119,93,134,260,18,52,67,59,71,116,22,75,52,34,63,144,528,0,528
1001190,장한평역,1232,884,348,38,215,254,257,285,183,19,89,164,210,253,149,19,126,90,47,32,34,1031,0,1031
1001189,서울 중구 명동역,1257,601,656,120,140,170,199,215,413,59,61,77,102,111,191,61,79,93,97,104,222,707,0,707
1001188,장충동 족발거리,298,154,144,41,74,35,41,32,75,19,38,18,25,22,32,22,36,17,16,10,43,196,92,104
1001187,한양시장,1037,484,553,45,601,164,53,45,129,14,269,91,32,24,54,31,332,73,21,21,75,870,0,870
1001186,서울 서대문구 이대역,1753,548,1205,63,770,222,184,179,335,20,124,90,92,85,137,43,646,132,92,94,198,1424,73,1351
1001185,서울 서대문구 신촌역,2715,1395,1320,119,1165,466,243,268,454,59,570,270,129,156,211,60,595,196,114,112,243,2069,62,2007
1001184,서울 마포구 홍대입구역_3,191,88,103,12,40,53,38,28,20,6,17,24,19,13,9,6,23,29,19,15,11,143,0,143
1001183,서울 마포구 홍대입구역_2,504,246,258,61,86,107,72,52,126,33,47,47,41,20,58,28,39,60,31,32,68,259,0,259
1001182,홍익대학교 주변,4775,2278,2497,387,1239,1099,650,488,912,205,561,531,334,237,410,182,678,568,316,251,502,3054,133,2921
1001181,서울 광진구 군자역,1740,794,946,131,499,407,178,213,312,69,204,185,86,107,143,62,295,222,92,106,169,1098,0,1098
1001180,신촌역,1175,607,568,65,379,255,141,102,233,35,175,139,82,61,115,30,204,116,59,41,118,898,0,898
1001179,강서구청,2954,1456,1498,318,626,691,440,406,473,163,251,353,250,216,223,155,375,338,190,190,250,1848,105,1743
1001178,서울 마포구 홍대입구역_1,657,317,340,63,131,141,106,71,145,36,53,75,52,34,67,27,78,66,54,37,78,395,0,395
1001177,서울 중구 약수역_2,53,28,25,6,6,7,12,4,18,5,2,2,9,2,8,1,4,5,3,2,10,24,0,24
1001176,서울 중구 약수역_1,10,6,4,0,0,3,2,1,4,0,0,2,1,1,2,0,0,1,1,0,2,7,0,7
1001175,서울 강동구 고덕역,2715,1358,1357,585,394,315,503,497,421,329,211,147,216,246,209,256,183,168,287,251,212,886,423,463
1001174,등촌역,1292,580,712,108,275,455,160,130,164,55,90,224,83,63,65,53,185,231,77,67,99,737,403,334
1001173,서울 강동구 명일역,1999,992,1007,289,267,284,355,311,493,146,135,150,169,151,241,143,132,134,186,160,252,975,0,975
1001172,어린이대공원역,537,309,228,60,112,79,79,99,108,36,63,42,47,62,59,24,49,37,32,37,49,287,85,202
1001171,서울 마포구 공덕역_2,22,11,11,1,3,0,3,8,7,0,1,0,3,4,3,1,2,0,0,4,4,15,0,15
1001170,공덕역,43,32,11,0,2,4,12,12,13,0,2,1,10,9,10,0,0,3,2,3,3,35,0,35
1001169,서울 용산구 숙대입구역,487,278,209,35,72,55,92,96,137,20,37,33,62,62,64,15,35,22,30,34,73,309,0,309
1001168,남영역,238,103,135,8,76,75,32,23,24,4,19,36,19,16,9,4,57,39,13,7,15,191,0,191
1001167,서울 마포구 공덕역_1,599,279,320,80,121,87,99,129,83,39,60,40,38,61,41,41,61,47,61,68,42,238,0,238
1001166,서울 마포구 마포역_2,3534,1619,1915,511,450,919,730,457,467,249,175,438,321,225,211,262,275,481,409,232,256,1885,412,1473
1001165,서울 광진구 건대입구역_2,2009,905,1104,98,796,404,205,171,335,43,326,188,106,88,154,55,470,216,99,83,181,1455,0,1455
1001164,서울 마포구 마포역_1,844,445,399,73,125,151,143,127,225,42,68,79,75,72,109,31,57,72,68,55,116,498,0,498
1001163,서울 강동구 천호역_2,4607,2227,2380,311,814,1123,724,742,893,156,322,530,394,415,410,155,492,593,330,327,483,2962,399,2563
1001162,서울 광진구 건대입구역_1,1027,491,536,66,230,179,133,167,252,30,95,87,72,83,124,36,135,92,61,84,128,619,0,619
1001161,건대입구역,530,224,306,21,12,9,25,25,438,12,4,1,10,11,186,9,8,8,15,14,252,289,0,289
1001160,서울 광진구 구의역,1871,844,1027,106,479,468,271,245,302,51,174,223,143,113,140,55,305,245,128,132,162,1258,0,1258
1001159,서울 강동구 천호역,279,133,146,19,44,58,45,39,74,7,18,33,24,15,36,12,26,25,21,24,38,162,0,162
1001158,당산역_2,723,310,413,23,304,218,68,43,67,16,84,116,38,23,33,7,220,102,30,20,34,562,0,562
1001157,서울 강동구 천호역_1,388,199,189,22,82,73,63,69,79,8,42,47,33,34,35,14,40,26,30,35,44,222,0,222
1001156,서울 강동구 길동역,3041,1468,1573,144,869,739,417,433,439,64,305,381,243,231,244,80,564,358,174,202,195,2190,0,2190
1001155,용산 전자상가_5,629,367,262,37,101,163,105,70,153,16,63,102,70,42,74,21,38,61,35,28,79,394,50,344
1001154,용산 전자상가_4,346,182,164,65,35,69,64,41,72,31,19,39,40,26,27,34,16,30,24,15,45,175,0,175
1001153,당산역_1,1061,475,586,64,310,350,108,109,120,29,112,169,53,54,58,35,198,181,55,55,62,700,113,587
1001152,서울 광진구 강변역,198,89,109,27,24,29,14,31,73,13,11,8,6,14,37,14,13,21,8,17,36,64,60,4
1001151,용산 전자상가_3,249,122,127,21,34,65,24,41,64,9,18,35,15,19,26,12,16,30,9,22,38,129,72,57
1001150,서울 용산구 이태원역,876,482,394,54,172,152,138,152,208,32,102,83,74,86,105,22,70,69,64,66,103,572,0,572
1001149,한남오거리,157,79,78,9,28,18,24,20,58,5,17,8,12,11,26,4,11,10,12,9,32,110,0,110
1001148,목동사거리,59,35,24,2,11,16,11,8,11,0,3,6,10,6,10,2,8,10,1,2,1,55,0,55
1001147,용산 전자상가_2,178,98,80,29,24,34,26,31,34,21,14,15,15,17,16,8,10,19,11,14,18,66,0,66
1001146,용산구청,107,47,60,11,14,21,20,10,31,3,7,6,14,2,15,8,7,15,6,8,16,55,0,55
1001145,용산 전자상가_1,1447,671,776,127,304,418,251,207,140,57,122,193,132,94,73,70,182,225,119,113,67,846,0,846
1001144,국회의사당역_2,721,368,353,25,128,233,138,96,101,13,61,116,69,56,53,12,67,117,69,40,48,582,0,582
1001143,서울 용산구 신용산역,390,195,195,29,26,51,58,79,147,15,14,32,40,39,55,14,12,19,18,40,92,310,0,310
1001142,국회의사당역_1,145,80,65,2,51,64,18,6,4,2,29,34,10,4,1,0,22,30,8,2,3,128,0,128
1001141,압구정 로데오거리_2,1313,635,678,191,153,255,259,165,290,89,68,134,135,83,126,102,85,121,124,82,164,668,245,423
1001140,서울 강남구 압구정역,1865,851,1014,237,292,360,339,225,412,121,145,142,155,106,182,116,147,218,184,119,230,974,0,974
1001139,서울 영등포구 영등포구청역,1287,666,621,68,249,252,182,200,336,33,120,131,102,119,161,35,129,121,80,81,175,901,0,901
1001138,압구정 로데오거리_1,604,280,324,92,73,83,95,75,186,41,38,36,45,33,87,51,35,47,50,42,99,240,0,240
1001137,서울 강동구 둔촌동역,800,425,375,98,121,109,132,136,204,61,68,56,67,72,101,37,53,53,65,64,103,384,11,373
1001136,오목교역,869,429,440,220,94,109,197,119,130,117,44,45,103,52,68,103,50,64,94,67,62,271,102,169
1001135,신사동 가로수길,3852,1799,2053,468,632,775,700,495,782,244,283,342,352,247,331,224,349,433,348,248,451,2157,0,2157
1001134,서울 영등포구 여의도역_2,18,15,3,1,2,3,3,7,2,0,2,3,3,5,2,1,0,0,0,2,0,15,0,15
1001133,청담사거리_3,922,426,496,61,75,111,170,156,349,26,40,52,84,75,149,35,35,59,86,81,200,622,0,622
1001132,영등포유통상가,518,283,235,32,119,94,71,69,133,16,59,61,45,40,62,16,60,33,26,29,71,322,0,322
1001131,청담역_2,1060,495,565,171,150,234,190,155,160,93,65,100,88,76,73,78,85,134,102,79,87,492,355,137
1001130,청담역_1,213,101,112,35,25,37,28,32,56,13,17,14,13,15,29,22,8,23,15,17,27,74,0,74
1001129,청담사거리_2,373,181,192,56,50,61,63,49,94,23,28,29,32,22,47,33,22,32,31,27,47,137,0,137
1001128,청담사거리_1,255,114,141,36,32,50,65,32,40,16,11,20,32,16,19,20,21,30,33,16,21,147,0,147
1001127,서울 영등포구 여의도역_1,1359,655,704,246,147,187,225,219,335,130,65,78,103,117,162,116,82,109,122,102,173,509,461,48
1001126,서울 양천구 신정네거리역_2,288,146,142,26,51,35,47,48,81,17,27,20,26,24,32,9,24,15,21,24,49,154,0,154
1001125,학동사거리_2,447,221,226,72,65,67,84,70,89,44,32,34,36,36,39,28,33,33,48,34,50,172,116,56
1001124,서울 영등포구 영등포시장역,1593,1023,570,49,152,179,229,399,585,24,74,117,159,304,345,25,78,62,70,95,240,1284,0,1284
1001123,학동사거리_1,415,205,210,40,69,84,81,49,92,23,26,41,45,28,42,17,43,43,36,21,50,261,46,215
1001122,여의도 시범아파트앞,1445,685,760,216,159,189,224,239,418,113,77,82,108,115,190,103,82,107,116,124,228,597,119,478
1001121,영등포역_3,484,292,192,12,136,99,70,83,84,8,57,57,46,64,60,4,79,42,24,19,24,420,0,420
1001120,도산공원사거리_1,274,129,145,20,60,86,36,21,51,11,30,43,16,9,20,9,30,43,20,12,31,180,25,155
1001119,영등포역_2,789,577,212,19,155,112,139,199,165,10,62,80,124,175,126,9,93,32,15,24,39,729,0,729
1001118,문래동 주민센터,1488,735,753,221,145,224,225,257,416,112,74,110,112,131,196,109,71,114,113,126,220,719,574,145
1001117,강남구 신사역_2,1041,451,590,73,201,286,166,117,198,33,74,118,85,52,89,40,127,168,81,65,109,644,0,644
1001116,영등포역_1,323,178,145,10,130,96,33,33,21,6,51,59,23,23,16,4,79,37,10,10,5,283,0,283
1001115,서울 강남구 강남구청역_2,757,377,380,31,61,143,178,130,214,15,22,73,91,82,94,16,39,70,87,48,120,569,0,569
1001114,강남구 신사역_1,766,411,355,40,159,175,134,111,147,23,74,94,82,63,75,17,85,81,52,48,72,537,0,537
1001113,서울 동작구 노량진1동_1,12,8,4,1,1,3,2,2,3,1,0,3,2,2,0,0,1,0,0,0,3,12,0,12
1001112,서울 강남구 학동역_3,113,64,49,3,28,29,21,16,16,3,13,15,13,10,10,0,15,14,8,6,6,88,0,88
1001111,서울 강남구 강남구청역_1,565,285,280,44,118,146,101,76,80,23,57,67,47,46,45,21,61,79,54,30,35,383,67,316
1001110,잠실역,1787,838,949,248,243,243,215,306,532,126,117,99,85,144,267,122,126,144,130,162,265,615,216,399
1001109,강남구 논현역_4,1932,971,961,154,355,479,361,261,322,81,163,232,185,149,161,73,192,247,176,112,161,1232,10,1222
1001108,학동역,532,220,312,36,96,169,92,70,69,18,38,71,31,32,30,18,58,98,61,38,39,360,0,360
1001107,방이동 먹자골목,1418,759,659,89,275,347,214,230,263,44,137,184,129,123,142,45,138,163,85,107,121,939,0,939
1001106,서울 강남구 학동역_2,105,49,56,4,19,39,23,11,9,2,6,19,11,7,4,2,13,20,12,4,5,83,0,83
1001105,서울 동작구 노량진역,1129,564,565,50,578,214,101,72,114,21,253,143,59,37,51,29,325,71,42,35,63,937,0,937
1001104,삼성역_3,65,49,16,0,11,17,6,13,18,0,10,12,6,6,15,0,1,5,0,7,3,50,0,50
1001103,코엑스,26,17,9,7,2,2,5,5,5,5,1,1,2,4,4,2,1,1,3,1,1,15,0,15
1001102,서울 강남구 학동역_1,896,424,472,70,189,230,155,93,159,30,90,113,71,51,69,40,99,117,84,42,90,550,0,550
1001101,선정릉역_2,3129,1429,1700,380,497,705,605,403,539,193,223,305,286,198,224,187,274,400,319,205,315,1881,135,1746
1001100,강남구 논현역_3,78,28,50,7,14,16,13,13,15,2,4,3,7,6,6,5,10,13,6,7,9,42,0,42
1001099,포스코사거리_2,700,363,337,70,143,158,112,110,107,35,76,86,54,63,49,35,67,72,58,47,58,406,0,406
1001098,포스코사거리_1,2118,1036,1082,219,364,471,381,301,382,120,178,206,205,151,176,99,186,265,176,150,206,1195,75,1120
1001096,신도림역,3227,1551,1676,601,425,687,528,518,468,285,200,341,255,238,232,316,225,346,273,280,236,1148,548,600
1001095,강남구 논현역_2,3931,1886,2045,253,865,1063,622,444,684,133,385,503,326,225,314,120,480,560,296,219,370,2516,0,2516
1001094,선정릉역_1,643,281,362,83,124,142,112,86,96,39,51,56,50,36,49,44,73,86,62,50,47,340,0,340
1001093,신천역,2803,1369,1434,251,483,671,463,400,535,130,220,333,240,193,253,121,263,338,223,207,282,1693,0,1693
1001092,강남구 논현역_1,1973,1023,950,97,408,473,337,295,363,52,187,231,204,174,175,45,221,242,133,121,188,1396,0,1396
1001091,삼성역_2,9,6,3,0,1,2,1,1,4,0,0,2,1,0,3,0,1,0,0,1,1,5,0,5
1001090,삼정역_2,686,332,354,56,113,182,112,96,127,31,54,82,57,45,63,25,59,100,55,51,64,436,0,436
1001089,삼정역_1,86,37,49,6,14,18,11,15,22,3,4,11,3,6,10,3,10,7,8,9,12,45,0,45
1001088,삼성역_1,1511,740,771,213,298,354,260,193,193,125,119,164,130,103,99,88,179,190,130,90,94,856,0,856
1001087,서울 강남구 선릉역_2,2167,1065,1102,130,457,630,359,259,332,63,205,314,204,125,154,67,252,316,155,134,178,1394,0,1394
1001085,서울 서초구 강남역,3214,1631,1583,187,799,943,458,379,448,90,364,489,255,209,224,97,435,454,203,170,224,2307,45,2262
1001084,서울 강남구 선릉역_1,676,329,347,40,92,207,163,86,88,24,44,93,77,49,42,16,48,114,86,37,46,501,0,501
1001083,서울 송파구 석촌역_2,594,295,299,81,85,156,89,71,112,45,40,72,40,39,59,36,45,84,49,32,53,299,0,299
1001082,선릉역_2,4251,1937,2314,445,785,1173,870,500,478,213,311,493,413,278,229,232,474,680,457,222,249,2684,113,2571
1001081,서울 강남구 역삼역_2,1035,519,516,74,244,266,141,148,162,39,118,131,74,75,82,35,126,135,67,73,80,661,0,661
1001080,서울 송파구 석촌역_1,201,87,114,20,40,44,42,25,30,12,10,20,21,9,15,8,30,24,21,16,15,111,0,111
1001079,석촌역,3,2,1,0,0,1,0,1,1,0,0,1,0,1,0,0,0,0,0,0,1,2,0,2
1001078,서울 강남구 강남역_2,3089,1390,1699,346,574,593,596,419,561,156,216,262,286,216,254,190,358,331,310,203,307,1795,670,1125
1001077,선릉역_1,1337,590,747,291,155,255,352,142,142,118,65,100,158,84,65,173,90,155,194,58,77,599,289,310
1001076,구로역,690,332,358,106,107,170,109,98,100,57,37,84,62,48,44,49,70,86,47,50,56,317,167,150
1001075,역삼역_2,393,265,128,289,23,43,15,12,11,203,10,26,8,11,7,86,13,17,7,1,4,91,0,91
1001074,대림역_2,2626,1238,1388,254,707,696,433,296,240,132,246,329,242,176,113,122,461,367,191,120,127,1831,0,1831
1001073,서울 강남구 역삼역_1,5470,2800,2670,332,1124,1460,970,726,858,176,483,767,541,428,405,156,641,693,429,298,453,3884,55,3829
1001072,신대방삼거리역,1243,590,653,113,271,286,183,151,239,53,91,136,107,85,118,60,180,150,76,66,121,821,35,786
1001071,서울 강남구 한티역,2102,994,1108,398,328,272,429,349,326,209,153,130,186,171,145,189,175,142,243,178,181,926,0,926
1001070,은마아파트입구사거리_4,370,195,175,95,40,36,97,62,40,66,21,16,40,35,17,29,19,20,57,27,23,127,86,41
1001069,은마아파트입구사거리_3,303,152,151,49,53,35,55,55,56,24,25,22,20,31,30,25,28,13,35,24,26,132,0,132
1001068,은마아파트입구사거리_2,17,9,8,0,3,1,2,6,5,0,1,0,2,2,4,0,2,1,0,4,1,8,0,8
1001067,오류동역,3851,1843,2008,244,973,1113,587,374,560,117,347,579,333,198,269,127,626,534,254,176,291,2803,0,2803
1001066,서울 강남구 강남역,2548,1191,1357,266,688,710,353,263,268,132,292,326,184,131,126,134,396,384,169,132,142,1851,103,1748
1001065,은마아파트입구사거리_1,188,97,91,39,32,16,36,43,22,22,18,11,18,21,7,17,14,5,18,22,15,62,0,62
1001064,대림역_1,1754,788,966,74,656,570,231,122,101,38,204,291,126,84,45,36,452,279,105,38,56,1481,0,1481
1001063,교대역_4,1002,499,503,225,154,114,215,149,145,118,76,54,94,89,68,107,78,60,121,60,77,429,39,390
1001062,서울 강남구 강남역_1,3012,1440,1572,559,406,676,537,384,450,264,204,304,273,184,211,295,202,372,264,200,239,1311,156,1155
1001061,방배동카페골목,2604,1234,1370,622,270,368,560,349,435,308,128,161,262,184,191,314,142,207,298,165,244,956,482,474
1001059,교대역_3,24,11,13,4,2,6,3,6,3,1,2,2,0,4,2,3,0,4,3,2,1,12,0,12
1001058,역삼역_1,2795,1349,1446,296,547,779,449,338,386,141,260,387,227,147,187,155,287,392,222,191,199,1603,14,1589
1001057,교대역_2,1758,850,908,224,341,384,292,239,278,119,176,172,150,106,127,105,165,212,142,133,151,1033,280,753
1001056,서울 송파구 가락시장역,570,301,269,38,83,130,97,104,118,16,32,59,55,74,65,22,51,71,42,30,53,402,0,402
1001055,서울 서초구 서초역,55,31,24,6,11,7,3,14,14,4,9,3,1,6,8,2,2,4,2,8,6,25,0,25
1001054,서울 강남구 대치역_2,642,306,336,208,67,63,145,97,62,99,35,25,63,53,31,109,32,38,82,44,31,204,106,98
1001053,서울 강남구 대치역_1,519,260,259,165,53,33,148,66,54,84,28,13,70,40,25,81,25,20,78,26,29,145,145,0
1001052,뱅뱅사거리_2,2197,964,1233,136,570,709,342,221,219,74,225,318,148,105,94,62,345,391,194,116,125,1635,249,1386
1001051,보라매공원,5095,2411,2684,887,614,808,839,595,1352,440,288,370,406,285,622,447,326,438,433,310,730,2020,399,1621
1001050,교대역_1,2611,1321,1290,265,521,521,354,438,512,141,263,249,189,218,261,124,258,272,165,220,251,1363,199,1164
1001049,개봉동 현대아파트 인근,2655,1325,1330,309,345,362,371,516,752,161,188,197,190,251,338,148,157,165,181,265,414,1225,0,1225
1001048,뱅뱅사거리,1759,755,1004,97,517,652,261,123,109,51,163,312,118,54,57,46,354,340,143,69,52,1359,1,1358
1001047,뱅뱅사거리_1,1069,546,523,118,221,308,158,120,144,58,99,163,91,65,70,60,122,145,67,55,74,667,0,667
1001046,서울 관악구 신림역_4,3147,1589,1558,118,1258,928,365,223,255,71,548,510,216,110,134,47,710,418,149,113,121,2577,85,2492
1001045,동작구 총신대입구역_1,1176,554,622,91,239,214,164,174,294,44,111,103,85,81,130,47,128,111,79,93,164,678,0,678
1001044,양재역_3,1858,886,972,223,306,447,311,235,336,103,146,216,142,119,160,120,160,231,169,116,176,977,0,977
1001043,동작구 총신대입구역_2,1812,779,1033,353,272,328,415,247,197,150,94,139,181,129,86,203,178,189,234,118,111,851,18,833
1001042,서울 서초구 남부터미널역_3,575,249,326,64,112,135,106,53,105,29,37,59,55,25,44,35,75,76,51,28,61,319,0,319
1001041,서울 강남구 수서역,1480,683,797,99,134,229,220,227,571,44,56,106,126,128,223,55,78,123,94,99,348,928,511,417
1001040,서울 관악구 신림역_3,1168,634,534,23,512,340,109,86,98,11,234,203,76,54,56,12,278,137,33,32,42,999,0,999
1001039,서울 서초구 남부터미널역_2,1764,868,896,99,373,519,327,261,185,55,121,251,172,164,105,44,252,268,155,97,80,1361,0,1361
1001038,구로디지탈1단지,125,68,57,10,8,23,14,28,42,4,6,11,10,17,20,6,2,12,4,11,22,74,0,74
1001037,양재역,1698,762,936,237,334,338,309,234,246,106,139,149,151,107,110,131,195,189,158,127,136,862,136,726
1001036,문정역,406,223,183,58,74,77,72,59,66,35,43,45,39,29,32,23,31,32,33,30,34,198,0,198
1001035,매봉역,572,290,282,78,114,93,88,91,108,46,48,46,49,45,56,32,66,47,39,46,52,294,0,294
1001034,서울 서초구 방배역,1227,583,644,165,175,258,231,169,229,88,76,122,118,78,101,77,99,136,113,91,128,639,0,639
1001033,서울 서초구 남부터미널역_1,1204,578,626,194,170,202,191,218,229,107,86,84,91,97,113,87,84,118,100,121,116,483,0,483
1001032,서울 관악구 신림역_2,1647,858,789,82,620,365,169,159,252,50,318,212,90,63,125,32,302,153,79,96,127,1132,0,1132
1001031,서울 관악구 신림역_1,687,300,387,21,311,190,71,47,47,10,106,93,41,24,26,11,205,97,30,23,21,582,0,582
1001030,양재역_2,910,425,485,100,168,198,148,133,163,48,70,99,72,64,72,52,98,99,76,69,91,478,0,478
1001029,양재역_1,8,5,3,0,2,0,0,5,1,0,2,0,0,3,0,0,0,0,0,2,1,4,0,4
1001028,서울 관악구 서울대입구역_2,560,293,267,17,235,141,59,42,66,10,113,75,41,21,33,7,122,66,18,21,33,449,0,449
1001027,가산디지털단지역_3,1748,971,777,30,526,416,263,276,237,13,189,238,179,209,143,17,337,178,84,67,94,1584,13,1571
1001026,구로디지털단지역,358,206,152,20,49,32,52,94,111,14,28,22,29,63,50,6,21,10,23,31,61,234,0,234
1001025,서울 관악구 서울대입구역_1,6715,3076,3639,256,3162,1591,588,514,604,119,1250,791,311,279,326,137,1912,800,277,235,278,5444,0,5444
1001024,관악구 사당역_1,929,446,483,147,161,143,165,147,166,71,73,68,77,68,89,76,88,75,88,79,77,417,82,335
1001023,가산디지털단지역_2,681,362,319,48,173,163,93,72,132,23,82,94,57,46,60,25,91,69,36,26,72,432,160,272
1001022,관악구 사당역_2,924,440,484,34,250,207,101,119,213,18,97,106,49,63,107,16,153,101,52,56,106,633,0,633
1001021,가산디지털단지역_1,27,16,11,0,6,6,4,5,6,0,1,2,3,5,5,0,5,4,1,0,1,25,0,25
1001019,포이사거리_1,93,51,42,8,17,35,18,9,6,3,11,18,12,4,3,5,6,17,6,5,3,60,0,60
1001018,포이사거리_2,1856,1011,845,172,317,458,317,290,302,90,155,253,186,164,163,82,162,205,131,126,139,1141,0,1141
1001017,관악구 사당역_3,307,148,159,12,83,100,37,25,50,6,25,61,20,7,29,6,58,39,17,18,21,230,0,230
1001016,서울 관악구 대학동_1,1689,1025,664,100,726,339,189,130,205,55,444,236,127,72,91,45,282,103,62,58,114,1318,0,1318
1001015,서울 금천구 독산1동_1,1199,658,541,54,233,323,205,188,196,24,118,197,118,114,87,30,115,126,87,74,109,868,0,868
1001013,양재 화물트럭터미널앞_2,1656,813,843,462,164,243,333,198,256,256,77,109,174,90,107,206,87,134,159,108,149,526,0,526
1001012,양재 화물트럭터미널앞_1,2,2,0,0,0,0,0,1,1,0,0,0,0,1,1,0,0,0,0,0,0,2,0,2
1001011,서울 금천구 시흥1동_4,1566,815,751,107,183,218,240,305,513,56,87,119,141,178,234,51,96,99,99,127,279,1027,0,1027
1001010,풍성로37가길,3088,1526,1562,332,420,519,498,575,744,173,209,276,256,278,334,159,211,243,242,297,410,1601,0,1601
1001009,천호옛길,4032,2056,1976,414,590,703,599,703,1023,217,280,392,330,355,482,197,310,311,269,348,541,2067,39,2028
1001008,천호옛14길,2323,1114,1209,188,454,481,316,358,526,95,191,269,156,164,239,93,263,212,160,194,287,1261,0,1261
1001007,천호대로219길,2208,1105,1103,308,303,273,329,434,561,157,156,143,169,227,253,151,147,130,160,207,308,980,0,980
1001006,천호대로197길,4523,2227,2296,739,653,692,673,818,948,383,332,347,333,378,454,356,321,345,340,440,494,1738,531,1207
1001005,천호대로187길,2777,1375,1402,366,371,500,405,468,667,185,194,273,194,222,307,181,177,227,211,246,360,1270,96,1174
1001004,천호대로170길,4152,2078,2074,504,637,844,622,689,856,258,315,449,324,321,411,246,322,395,298,368,445,1944,302,1642
1001003,천호대로162길,2704,1346,1358,364,407,470,391,459,613,184,208,227,215,215,297,180,199,243,176,244,316,1185,114,1071
1001002,천중로51길,4505,2182,2323,629,674,702,665,760,1075,327,325,360,335,351,484,302,349,342,330,409,591,1858,127,1731
1001001,천중로39길,6690,3286,3404,969,974,1105,1024,1097,1521,501,475,591,508,487,724,468,499,514,516,610,797,2798,481,2317
1001000,진황도로47길,1801,887,914,187,274,363,256,313,408,108,126,187,141,132,193,79,148,176,115,181,215,895,0,895
1000999,진황도로27길,7755,3899,3856,826,1139,1570,1085,1226,1909,415,549,817,600,601,917,411,590,753,485,625,992,3952,684,3268
1000998,올림픽로98길,3215,1576,1639,341,438,599,464,585,788,173,215,319,240,287,342,168,223,280,224,298,446,1650,116,1534
1000997,올림픽로80길,2047,1053,994,215,250,258,316,406,602,121,128,142,179,212,271,94,122,116,137,194,331,1067,0,1067
1000996,올림픽로78길,1738,905,833,120,176,205,276,399,562,59,89,117,149,231,260,61,87,88,127,168,302,1070,75,995
1000995,올림픽로77길,2618,1338,1280,276,367,530,373,457,615,138,174,299,206,227,294,138,193,231,167,230,321,1320,0,1320
1000994,올림픽로71길,2561,1321,1240,210,368,425,341,494,723,114,196,236,188,254,333,96,172,189,153,240,390,1401,0,1401
1000993,올림픽로48길,1562,752,810,258,194,300,258,210,342,133,93,135,126,108,157,125,101,165,132,102,185,687,47,640
1000992,양재대로96길,3526,1756,1770,706,429,565,600,487,739,377,213,288,295,239,344,329,216,277,305,248,395,1328,652,676
1000991,양재대로95길,3619,1783,1836,507,559,614,550,639,750,291,293,319,264,295,321,216,266,295,286,344,429,1550,146,1404
1000990,양재대로91길,4192,2055,2137,668,634,596,665,739,890,368,339,304,325,354,365,300,295,292,340,385,525,1695,429,1266
1000989,양재대로133길,4987,2457,2530,679,751,783,679,902,1193,337,387,410,354,417,552,342,364,373,325,485,641,2111,189,1922
1000988,양재대로124길,4519,2261,2258,586,674,694,707,803,1055,305,365,374,338,386,493,281,309,320,369,417,562,1978,109,1869
1000987,양재대로116길,1521,733,788,204,251,257,213,257,339,107,111,133,112,120,150,97,140,124,101,137,189,675,137,538
1000986,양재대로101길,4732,2277,2455,526,784,1065,668,751,938,267,380,530,344,317,439,259,404,535,324,434,499,2355,114,2241
1000985,암사길,7132,3599,3533,995,1020,1192,1086,1242,1597,516,540,626,562,624,731,479,480,566,524,618,866,3184,302,2882
1000984,성안로3길,4757,2342,2415,810,662,763,832,765,925,452,327,381,396,360,426,358,335,382,436,405,499,1841,44,1797
1000983,성내로5길,3614,1751,1863,696,488,562,599,550,719,344,248,261,314,252,332,352,240,301,285,298,387,1351,454,897
1000982,상일로5길,1274,643,631,196,205,166,174,275,258,100,119,81,86,133,124,96,86,85,88,142,134,509,0,509
1000981,상암로5길,1937,966,971,251,263,365,317,263,478,130,137,193,157,129,220,121,126,172,160,134,258,966,284,682
1000980,상암로51길,3008,1447,1561,472,418,431,475,510,702,238,214,220,232,225,318,234,204,211,243,285,384,1208,368,840
1000979,상암로4길,3269,1651,1618,425,473,693,509,545,624,211,229,354,270,278,309,214,244,339,239,267,315,1656,122,1534
1000978,상암로14길,3651,1791,1860,490,514,666,551,621,809,254,258,337,265,298,379,236,256,329,286,323,430,1599,333,1266
1000977,명일로13길,2767,1379,1388,410,436,410,424,476,611,226,222,214,213,240,264,184,214,196,211,236,347,1274,114,1160
1000976,동남로85길,2914,1498,1416,416,418,342,440,577,721,221,229,187,226,297,338,195,189,155,214,280,383,1274,0,1274
1000975,동남로82길,1694,915,779,192,238,201,235,380,448,106,140,120,123,205,221,86,98,81,112,175,227,821,0,821
1000974,동남로65길,2695,1318,1377,569,345,307,484,462,528,305,185,160,220,231,217,264,160,147,264,231,311,1071,0,1071
1000973,구천면로42길,4286,2169,2117,504,585,646,680,836,1035,259,304,346,369,409,482,245,281,300,311,427,553,2174,107,2067
1000972,구천면로41길,5439,2715,2724,697,752,888,815,988,1299,365,393,471,431,461,594,332,359,417,384,527,705,2458,334,2124
1000971,구천면로36길,2602,1347,1255,314,382,347,380,531,648,172,184,196,201,284,310,142,198,151,179,247,338,1214,0,1214
1000970,고덕로61길,1602,821,781,315,201,256,278,245,307,166,112,128,149,129,137,149,89,128,129,116,170,623,0,623
1000969,고덕로25길,1531,763,768,302,180,264,219,240,326,149,105,131,117,112,149,153,75,133,102,128,177,559,136,423
1000968,고덕로10길,2111,1053,1058,307,314,363,352,345,430,166,154,196,179,160,198,141,160,167,173,185,232,1011,70,941
1000967,강동대로53길,4215,2140,2075,787,587,582,715,722,822,482,315,301,344,327,371,305,272,281,371,395,451,1622,254,1368
1000966,풍성로25길,1920,941,979,215,223,293,265,341,583,116,115,165,141,143,261,99,108,128,124,198,322,927,0,927
1000965,오금로46길,2594,1296,1298,503,393,383,412,427,476,262,205,197,202,201,229,241,188,186,210,226,247,1021,74,947
1000964,오금로36길,2964,1456,1508,389,558,606,432,453,526,207,270,329,198,202,250,182,288,277,234,251,276,1347,51,1296
1000963,오금로11길,4808,2327,2481,504,807,1152,681,705,959,262,394,602,352,289,428,242,413,550,329,416,531,2498,22,2476
1000962,양재대로72길,2715,1321,1394,434,431,340,428,518,564,224,226,162,196,248,265,210,205,178,232,270,299,1031,415,616
1000961,양재대로71길,1517,720,797,253,232,243,241,261,287,127,107,120,113,116,137,126,125,123,128,145,150,605,21,584
1000960,양재대로64길,3669,1878,1791,522,584,651,562,679,671,267,313,322,293,346,337,255,271,329,269,333,334,1520,10,1510
1000959,양재대로62길,1587,822,765,231,207,345,266,241,297,131,104,181,139,127,140,100,103,164,127,114,157,760,285,475
1000958,송파대로30길,1584,867,717,136,234,262,272,326,354,74,118,150,153,184,188,62,116,112,119,142,166,976,0,976
1000957,송이로36길,3364,1702,1662,497,537,748,502,512,568,271,279,395,257,237,263,226,258,353,245,275,305,1421,305,1116
1000956,송이로32길,5600,2803,2797,829,963,1171,853,934,850,421,484,633,431,443,391,408,479,538,422,491,459,2442,399,2043
1000955,송이로23길,4454,2183,2271,600,753,910,684,669,838,323,377,448,338,311,386,277,376,462,346,358,452,2037,41,1996
1000954,삼전로13길,6562,3101,3461,750,1248,1568,1019,923,1054,405,540,753,498,422,483,345,708,815,521,501,571,3534,0,3534
1000953,백제고분로50길,8436,4124,4312,1245,1309,1609,1261,1357,1655,688,643,812,615,604,762,557,666,797,646,753,893,3604,201,3403
1000952,백제고분로46길,3217,1520,1697,427,559,718,457,504,552,208,273,352,210,223,254,219,286,366,247,281,298,1494,17,1477
1000951,백제고분로45길,4794,2292,2502,614,835,1175,666,690,814,296,385,561,343,311,396,318,450,614,323,379,418,2276,253,2023
1000950,백제고분로42길,4194,2011,2183,480,802,1058,577,610,667,261,374,504,272,292,308,219,428,554,305,318,359,2092,0,2092
1000949,백제고분로39길,3380,1551,1829,361,671,838,475,466,569,200,257,397,241,197,259,161,414,441,234,269,310,1760,0,1760
1000948,백제고분로34길,7777,3812,3965,1047,1197,1744,1243,1126,1420,567,581,892,605,532,635,480,616,852,638,594,785,3698,18,3680
1000947,백제고분로33길,6311,2980,3331,682,1163,1652,963,846,1005,334,503,802,493,394,454,348,660,850,470,452,551,3415,0,3415
1000946,백제고분로32길,6454,3067,3387,998,950,1415,1106,892,1093,518,449,684,539,387,490,480,501,731,567,505,603,2998,36,2962
1000945,백제고분로31길,6266,2886,3380,842,1003,1399,1053,889,1080,409,448,650,514,396,469,433,555,749,539,493,611,3121,0,3121
1000944,백제고분로22길,6884,3301,3583,909,1117,1607,1125,1041,1085,471,525,784,565,458,498,438,592,823,560,583,587,3375,0,3375
1000943,백제고분로21길,2499,1241,1258,251,442,625,422,370,389,136,207,300,220,205,173,115,235,325,202,165,216,1397,0,1397
1000942,마천로51길,3999,2059,1940,537,448,502,640,756,1116,272,248,273,345,405,516,265,200,229,295,351,600,1907,90,1817
1000941,동남로20길,3571,1709,1862,630,545,555,614,595,632,319,257,280,279,290,284,311,288,275,335,305,348,1332,380,952
1000940,거마로20길,3303,1666,1637,426,350,387,553,631,956,205,205,206,299,332,419,221,145,181,254,299,537,1655,0,1655
1000939,학동로77길,3038,1440,1598,624,356,582,615,347,514,378,158,228,275,169,232,246,198,354,340,178,282,1148,640,508
1000938,학동로6길,1604,734,870,133,343,427,272,164,265,73,150,196,127,75,113,60,193,231,145,89,152,987,0,987
1000937,학동로56길,1007,465,542,171,154,182,181,135,184,71,82,83,77,64,88,100,72,99,104,71,96,439,124,315
1000936,학동로38길,1519,705,814,166,297,413,250,162,231,74,135,200,130,71,95,92,162,213,120,91,136,842,102,740
1000935,테헤란로81길,415,202,213,35,67,95,53,52,113,26,33,47,27,22,47,9,34,48,26,30,66,226,0,226
1000934,일원로9길,3439,1654,1785,555,650,542,526,538,628,295,321,254,255,244,285,260,329,288,271,294,343,1566,0,1566
1000933,일원로3길,2386,1193,1193,446,387,362,390,366,435,246,204,184,183,174,202,200,183,178,207,192,233,1011,83,928
1000932,영동대로65길,2065,1041,1024,302,305,247,348,350,513,178,182,123,154,176,228,124,123,124,194,174,285,1004,0,1004
1000931,영동대로112길,2663,1315,1348,466,381,457,487,390,482,278,205,220,214,178,220,188,176,237,273,212,262,1052,480,572
1000930,언주로81길,3491,1735,1756,354,655,917,627,475,463,177,297,464,333,257,207,177,358,453,294,218,256,2051,180,1871
1000929,압구정로2길,1001,467,534,149,155,224,189,121,163,81,67,95,94,60,70,68,88,129,95,61,93,497,64,433
1000928,선릉로18길,1733,865,868,272,229,220,275,315,422,145,128,119,123,161,189,127,101,101,152,154,233,740,35,705
1000927,선릉로146길,2058,912,1146,254,382,434,358,276,354,122,141,188,181,128,152,132,241,246,177,148,202,1117,0,1117
1000926,선릉로133길,1549,668,881,183,290,342,260,187,287,96,101,146,123,86,116,87,189,196,137,101,171,801,107,694
1000925,선릉로132길,2042,937,1105,400,311,372,370,278,311,209,123,150,172,143,140,191,188,222,198,135,171,844,120,724
1000924,선릉로121길,846,396,450,82,136,214,161,114,139,45,69,94,78,53,57,37,67,120,83,61,82,470,0,470
1000923,삼성로75길,2533,1236,1297,447,410,453,513,368,342,249,203,218,216,192,158,198,207,235,297,176,184,1183,237,946
1000922,삼성로69길,3460,1699,1761,680,591,523,724,489,453,401,294,260,317,233,194,279,297,263,407,256,259,1579,0,1579
1000921,삼성로64길,2924,1554,1370,820,349,162,814,498,281,543,191,74,348,269,129,277,158,88,466,229,152,934,718,216
1000920,삼성로63길,4355,2070,2285,773,755,631,889,758,549,437,358,297,377,362,239,336,397,334,512,396,310,2059,19,2040
1000919,삼성로57길,1730,904,826,506,216,102,447,308,151,317,104,47,188,177,71,189,112,55,259,131,80,522,394,128
1000918,삼성로147길,1246,554,692,173,253,269,188,162,201,85,113,105,92,77,82,88,140,164,96,85,119,651,26,625
1000917,삼성로115길,2821,1312,1509,548,380,595,558,320,420,312,191,239,247,150,173,236,189,356,311,170,247,1269,130,1139
1000916,봉은사로68길,1490,697,793,156,255,419,283,145,232,85,116,177,146,78,95,71,139,242,137,67,137,883,0,883
1000915,봉은사로57길,1646,735,911,240,305,358,310,186,247,135,126,152,128,97,97,105,179,206,182,89,150,836,0,836
1000914,봉은사로43길,3259,1536,1723,500,474,708,594,404,579,263,227,322,275,192,257,237,247,386,319,212,322,1513,330,1183
1000913,봉은사로29길,1239,581,658,111,234,351,223,139,181,51,110,157,114,64,85,60,124,194,109,75,96,761,0,761
1000912,봉은사로109길,2173,1037,1136,416,300,343,369,324,421,210,159,153,172,150,193,206,141,190,197,174,228,806,146,660
1000911,도산대로89길,1944,895,1049,281,316,351,347,307,342,155,136,168,154,134,148,126,180,183,193,173,194,842,165,677
1000910,도산대로81길,941,419,522,159,142,133,152,134,221,72,62,55,68,59,103,87,80,78,84,75,118,378,0,378
1000909,도산대로50길,2275,1052,1223,323,314,466,358,290,524,170,146,195,182,133,226,153,168,271,176,157,298,1013,396,617
1000908,도산대로38길,1051,484,567,91,203,315,169,110,163,50,87,149,90,43,65,41,116,166,79,67,98,661,0,661
1000907,도산대로30길,905,420,485,64,180,219,164,97,181,29,72,109,80,43,87,35,108,110,84,54,94,541,27,514
1000906,도산대로23길,1506,661,845,175,284,349,261,180,257,90,116,152,123,69,111,85,168,197,138,111,146,817,31,786
1000905,도산대로15길,694,309,385,79,143,154,119,73,126,34,53,72,54,36,60,45,90,82,65,37,66,375,0,375
1000904,도곡로37길,6062,2806,3256,750,1068,1396,1028,788,1032,371,472,642,484,376,461,379,596,754,544,412,571,3117,0,3117
1000903,논현로8길,3622,1776,1846,584,544,631,628,602,633,307,279,327,293,296,274,277,265,304,335,306,359,1613,0,1613
1000902,논현로63길,2571,1243,1328,324,424,593,431,353,446,164,205,270,223,173,208,160,219,323,208,180,238,1277,222,1055
1000901,논현로28길,77,46,31,10,8,12,7,12,28,7,5,7,4,5,18,3,3,5,3,7,10,37,0,37
1000900,논현로26길,1247,570,677,133,210,194,208,206,296,68,99,79,102,88,134,65,111,115,106,118,162,655,0,655
1000899,논현로159길,423,186,237,54,68,100,67,54,80,27,25,43,32,23,36,27,43,57,35,31,44,206,0,206
1000898,논현로139길,1378,655,723,149,206,320,221,186,296,78,88,147,115,86,141,71,118,173,106,100,155,692,0,692
1000897,논현로123길,2084,990,1094,126,388,531,441,278,320,68,185,239,213,154,131,58,203,292,228,124,189,1504,0,1504
1000896,논현로115길,3224,1527,1697,245,720,897,483,385,494,106,333,419,260,185,224,139,387,478,223,200,270,1936,55,1881
1000895,논현로10길,1575,786,789,275,208,272,305,258,257,148,111,136,140,131,120,127,97,136,165,127,137,661,0,661
1000894,논현로106길,2107,924,1183,147,418,724,333,206,279,62,168,310,163,93,128,85,250,414,170,113,151,1353,0,1353
1000893,남부순환로365길,2859,1378,1481,621,337,483,575,416,427,298,171,241,275,203,190,323,166,242,300,213,237,1124,681,443
1000892,개포로82길,28,18,10,0,4,2,3,6,13,0,2,2,3,4,7,0,2,0,0,2,6,25,0,25
1000891,개포로28길,2068,994,1074,370,329,314,395,352,308,183,166,159,179,171,136,187,163,155,216,181,172,820,105,715
1000890,개포로20길,2405,1170,1235,331,409,452,379,415,419,162,195,235,203,179,196,169,214,217,176,236,223,1073,0,1073
1000889,개포로17길,3678,1792,1886,594,537,600,641,613,693,313,267,296,305,301,310,281,270,304,336,312,383,1590,81,1509
1000888,강남대로140길,1863,846,1017,185,311,453,272,294,348,98,129,212,128,127,152,87,182,241,144,167,196,968,552,416
1000887,강남대로136길,1263,572,691,148,183,247,212,175,298,66,80,104,97,75,150,82,103,143,115,100,148,558,0,558
1000886,강남대로118길,1463,630,833,110,333,412,241,147,220,61,129,170,124,56,90,49,204,242,117,91,130,902,17,885
1000885,서초중앙로8길,2653,1312,1341,451,364,492,474,342,530,234,189,236,237,161,255,217,175,256,237,181,275,1115,143,972
1000884,방배중앙로21길,2768,1261,1507,564,392,350,510,481,471,242,180,151,223,243,222,322,212,199,287,238,249,1041,152,889
1000883,효령로72길,2091,1023,1068,396,254,414,394,290,343,212,118,178,210,145,160,184,136,236,184,145,183,908,335,573
1000882,효령로34길,1562,747,815,266,198,285,253,241,319,146,95,135,118,114,139,120,103,150,135,127,180,618,300,318
1000881,효령로31길,1842,861,981,237,260,364,317,258,406,120,123,176,144,121,177,117,137,188,173,137,229,929,0,929
1000880,효령로23길,4664,2146,2518,710,786,893,771,653,851,380,350,404,350,289,373,330,436,489,421,364,478,2015,140,1875
1000879,청두곶길,3991,1881,2110,603,605,689,639,565,890,319,270,330,303,254,405,284,335,359,336,311,485,1807,0,1807
1000878,주흥길,3994,1942,2052,218,925,1170,643,458,580,112,413,567,357,238,255,106,512,603,286,220,325,2725,0,2725
1000877,주흥15길,2694,1241,1453,203,530,734,477,283,467,99,226,332,255,141,188,104,304,402,222,142,279,1711,0,1711
1000876,언남길,2091,1054,1037,275,335,459,359,316,347,142,170,231,188,159,164,133,165,228,171,157,183,980,0,980
1000875,신반포로45길,2627,1270,1357,325,467,563,426,345,501,165,228,277,207,170,223,160,239,286,219,175,278,1360,87,1273
1000874,서초대로8길,1545,766,779,189,196,224,215,227,494,107,87,118,118,102,234,82,109,106,97,125,260,681,0,681
1000873,서초대로64길,1759,848,911,389,219,267,362,259,263,199,109,112,180,126,122,190,110,155,182,133,141,603,480,123
1000872,서초대로4길,3519,1586,1933,548,521,605,546,524,775,255,243,277,239,237,335,293,278,328,307,287,440,1504,117,1387
1000871,서초대로25길,1261,597,664,195,196,250,195,191,234,101,87,120,95,81,113,94,109,130,100,110,121,537,0,537
1000870,서초대로23길,2408,1149,1259,346,304,435,449,354,520,181,150,200,227,170,221,165,154,235,222,184,299,1185,116,1069
1000869,서초대로15길,2418,1099,1319,379,363,523,420,304,429,184,162,230,188,150,185,195,201,293,232,154,244,1139,0,1139
1000868,사평대로57길,1219,542,677,51,295,329,188,139,217,25,124,143,96,62,92,26,171,186,92,77,125,817,0,817
1000867,사평대로26길,173,71,102,24,40,17,24,24,44,10,17,7,8,9,20,14,23,10,16,15,24,74,0,74
1000866,사평대로22길,1568,713,855,325,199,229,311,231,273,174,86,95,134,103,121,151,113,134,177,128,152,600,83,517
1000865,사임당로17길,1089,536,553,160,194,217,160,155,203,84,103,111,83,68,87,76,91,106,77,87,116,554,38,516
1000864,방배로42길,1130,528,602,275,135,158,224,159,179,132,73,75,107,67,74,143,62,83,117,92,105,427,0,427
1000863,방배로35길,1599,754,845,314,212,213,311,237,312,153,103,88,143,122,145,161,109,125,168,115,167,638,0,638
1000862,방배로18길,1646,762,884,204,290,409,236,201,306,115,117,194,108,82,146,89,173,215,128,119,160,830,0,830
1000861,반포대로9길,1630,786,844,267,260,235,264,280,324,146,134,123,117,132,134,121,126,112,147,148,190,691,75,616
1000860,바우뫼로39길,2791,1339,1452,332,457,582,395,418,607,170,221,307,176,190,275,162,236,275,219,228,332,1312,77,1235
1000859,마방로2길,1505,750,755,219,215,325,262,201,283,113,110,172,142,90,123,106,105,153,120,111,160,682,0,682
1000858,방배천로4안길,1197,528,669,166,215,232,191,175,218,81,70,102,104,66,105,85,145,130,87,109,113,598,0,598
1000857,동산로19길,2075,1047,1028,305,303,487,372,276,332,152,159,257,191,133,155,153,144,230,181,143,177,964,0,964
1000856,동산로10길,3519,1748,1771,552,517,723,567,536,624,304,259,366,285,254,280,248,258,357,282,282,344,1514,31,1483
1000855,동광로39길,1674,754,920,295,205,271,302,252,349,150,89,117,130,125,143,145,116,154,172,127,206,740,0,740
1000854,동광로1길,3406,1575,1831,601,515,556,647,544,543,298,245,269,284,249,230,303,270,287,363,295,313,1453,0,1453
1000853,동광로12길,1371,630,741,255,190,189,259,192,286,107,85,91,124,96,127,148,105,98,135,96,159,557,0,557
1000852,논현로27길,1813,866,947,168,275,378,346,265,381,87,142,180,166,125,166,81,133,198,180,140,215,1033,152,881
1000851,논현로1길,3209,1549,1660,535,455,671,593,494,461,263,226,338,286,242,194,272,229,333,307,252,267,1364,0,1364
1000850,남부순환로339길,1541,764,777,272,194,336,287,201,251,134,95,171,144,103,117,138,99,165,143,98,134,716,0,716
1000849,남부순환로325길,2444,1203,1241,339,369,342,388,440,566,184,188,168,185,219,259,155,181,174,203,221,307,1081,223,858
1000848,남부순환로317길,1741,848,893,349,269,273,310,266,274,190,135,125,149,119,130,159,134,148,161,147,144,669,98,571
1000847,고무래로8길,1968,925,1043,425,218,308,352,267,398,216,103,139,165,127,175,209,115,169,187,140,223,716,48,668
1000846,강남대로8길,3665,1843,1822,469,618,856,552,520,650,237,314,450,288,245,309,232,304,406,264,275,341,1826,91,1735
1000845,강남대로34길,2613,1245,1368,262,442,679,343,367,520,134,203,364,159,166,219,128,239,315,184,201,301,1357,0,1357
1000844,강남대로23길,1101,545,556,126,176,252,151,152,244,70,83,123,86,62,121,56,93,129,65,90,123,537,0,537
1000843,소담길,709,385,324,31,61,85,141,148,243,22,25,47,82,95,114,9,36,38,59,53,129,523,0,523
1000842,원신길,1352,684,668,154,153,193,188,255,409,77,74,116,110,128,179,77,79,77,78,127,230,660,155,505
1000841,양지길,1787,894,893,183,198,214,262,337,593,89,107,136,143,176,243,94,91,78,119,161,350,900,0,900
1000840,양산길,1578,809,769,126,274,301,252,239,386,65,147,182,146,106,163,61,127,119,106,133,223,901,284,617
1000839,호암로24길,2712,1682,1030,93,892,697,412,266,352,42,505,486,302,186,161,51,387,211,110,80,191,2211,0,2211
1000838,호암로20길,3095,1978,1117,145,966,726,495,345,418,80,587,510,386,209,206,65,379,216,109,136,212,2317,0,2317
1000837,행운길,4876,2395,2481,320,1594,1229,563,449,721,162,730,664,307,209,323,158,864,565,256,240,398,3312,0,3312
1000836,행운1길,3312,1668,1644,276,758,635,394,438,811,150,349,341,212,233,383,126,409,294,182,205,428,2037,0,2037
1000835,청림3길,4202,2075,2127,513,526,568,620,703,1272,264,299,306,338,343,525,249,227,262,282,360,747,2091,382,1709
1000834,청룡길,3526,1673,1853,208,1296,757,353,351,561,103,531,412,189,160,278,105,765,345,164,191,283,2530,23,2507
1000833,청룡8길,1945,939,1006,193,597,383,231,191,350,97,256,211,123,90,162,96,341,172,108,101,188,1224,0,1224
1000832,중앙길,3241,1602,1639,305,760,605,432,397,742,160,366,320,238,207,311,145,394,285,194,190,431,1808,143,1665
1000831,조원중앙로2길,4364,2209,2155,492,755,748,633,742,994,259,343,422,332,387,466,233,412,326,301,355,528,2389,47,2342
1000830,조원로18길,1778,888,890,135,508,412,216,193,314,69,220,233,128,94,144,66,288,179,88,99,170,1158,0,1158
1000829,조원로10길,1754,907,847,160,295,331,249,291,428,87,134,182,144,159,201,73,161,149,105,132,227,1004,0,1004
1000828,장군봉2길,1757,873,884,144,465,380,207,182,379,76,215,208,119,89,166,68,250,172,88,93,213,1094,0,1094
1000827,장군봉1길,857,403,454,86,134,133,96,131,277,49,55,64,53,67,115,37,79,69,43,64,162,525,30,495
1000826,인헌길,3008,1435,1573,358,492,563,481,442,672,175,237,278,238,215,292,183,255,285,243,227,380,1409,0,1409
1000825,은천로25길,1485,726,759,278,170,258,255,203,321,134,92,125,138,103,134,144,78,133,117,100,187,578,0,578
1000824,양녕로6길,4600,2233,2367,358,1190,898,526,610,1018,198,510,482,282,294,467,160,680,416,244,316,551,2698,80,2618
1000823,신원로3길,2830,1390,1440,207,630,531,351,388,723,98,291,315,204,170,312,109,339,216,147,218,411,1742,0,1742
1000822,신사로20길,1872,952,920,143,494,410,253,207,365,85,227,225,132,111,172,58,267,185,121,96,193,1201,0,1201
1000821,신림로65길,1967,941,1026,56,899,509,178,137,188,28,395,277,91,69,81,28,504,232,87,68,107,1574,0,1574
1000820,신림로64길,1651,887,764,56,620,466,189,154,166,35,276,269,120,100,87,21,344,197,69,54,79,1351,0,1351
1000819,신림로48길,2604,1367,1237,211,674,536,328,386,469,117,350,329,179,181,211,94,324,207,149,205,258,1504,0,1504
1000818,신림로38길,2009,1048,961,187,463,376,287,285,411,100,243,215,170,137,183,87,220,161,117,148,228,1141,0,1141
1000817,신림로28길,2973,1751,1222,244,825,666,428,358,452,131,468,443,275,216,218,113,357,223,153,142,234,2020,56,1964
1000816,신림로11길,4647,2745,1902,335,1310,984,643,607,768,169,775,660,429,355,357,166,535,324,214,252,411,3135,0,3135
1000815,신림동길,4207,2164,2043,134,1607,1235,494,298,439,65,761,684,301,164,189,69,846,551,193,134,250,3412,0,3412
1000814,승방길,3158,1503,1655,218,860,864,322,402,492,110,362,455,165,163,248,108,498,409,157,239,244,1849,20,1829
1000813,서림7길,4104,2699,1405,220,1467,1036,544,347,490,130,963,737,410,230,229,90,504,299,134,117,261,3181,0,3181
1000812,봉천로33길,3995,1966,2029,422,745,740,556,544,988,221,352,389,307,258,439,201,393,351,249,286,549,2115,454,1661
1000811,봉천로13길,3807,1892,1915,513,706,638,534,525,891,285,360,341,270,249,387,228,346,297,264,276,504,1830,0,1830
1000810,복은길,4138,2249,1889,394,1011,819,566,555,793,198,557,511,329,289,365,196,454,308,237,266,428,2428,0,2428
1000809,법원단지길,1325,638,687,196,204,163,205,246,311,96,98,93,98,115,138,100,106,70,107,131,173,601,0,601
1000808,법원단지9길,5210,2605,2605,764,810,673,841,951,1171,415,424,356,423,447,540,349,386,317,418,504,631,2139,0,2139
1000807,미성5길,4365,2147,2218,608,685,609,670,773,1020,310,337,324,337,363,476,298,348,285,333,410,544,1896,264,1632
1000806,대학길,1773,1108,665,102,589,360,259,185,278,49,373,252,189,121,124,53,216,108,70,64,154,1317,0,1317
1000805,대학14길,2996,2075,921,176,876,602,537,396,409,94,590,445,413,307,226,82,286,157,124,89,183,2356,0,2356
1000804,당곡길,1818,881,937,189,351,288,290,282,418,95,156,159,135,139,197,94,195,129,155,143,221,1000,0,1000
1000803,남현길,1976,922,1054,240,396,390,269,261,420,111,178,200,126,118,189,129,218,190,143,143,231,968,152,816
1000802,남현3길,1610,750,860,113,376,415,198,193,315,56,161,203,100,86,144,57,215,212,98,107,171,998,26,972
1000801,남현2길,2797,1324,1473,241,612,638,350,385,571,126,259,336,188,165,250,115,353,302,162,220,321,1521,0,1521
1000800,남부순환로248길,1646,769,877,159,373,298,228,226,362,76,172,143,114,109,155,83,201,155,114,117,207,899,44,855
1000799,남부순환로234길,1832,920,912,170,458,384,250,188,382,82,232,211,134,89,172,88,226,173,116,99,210,1148,24,1124
1000798,남부순환로172길,2670,1327,1343,288,625,459,388,400,510,144,313,252,188,192,238,144,312,207,200,208,272,1418,153,1265
1000797,남부순환로161길,3899,1968,1931,428,813,673,582,657,746,227,400,378,290,335,338,201,413,295,292,322,408,2063,0,2063
1000796,남부순환로151길,3382,1677,1705,336,804,653,494,481,614,176,380,360,251,224,286,160,424,293,243,257,328,1868,0,1868
1000795,남부순환로142길,3445,1702,1743,402,672,692,485,507,687,187,315,384,258,254,304,215,357,308,227,253,383,1838,274,1564
1000794,난향길,2621,1375,1246,302,309,269,452,441,848,156,174,157,247,239,402,146,135,112,205,202,446,1351,0,1351
1000793,난우길,2409,1190,1219,394,322,322,384,408,579,188,162,171,192,206,271,206,160,151,192,202,308,1033,0,1033
1000792,난곡로74길,1853,871,982,146,485,397,232,221,372,78,198,210,117,101,167,68,287,187,115,120,205,1170,0,1170
1000791,난곡로34길,2567,1303,1264,334,376,396,387,495,579,187,186,207,206,244,273,147,190,189,181,251,306,1140,0,1140
1000790,난곡로26길,3307,1680,1627,378,506,401,509,646,867,198,253,242,281,325,381,180,253,159,228,321,486,1644,0,1644
1000789,난곡로24길,2463,1296,1167,304,285,323,375,427,749,161,171,179,215,224,346,143,114,144,160,203,403,1159,0,1159
1000788,낙성대역길,5278,2608,2670,523,1592,1218,664,491,790,250,741,666,362,232,357,273,851,552,302,259,433,3333,0,3333
1000787,국회단지길,5533,2762,2771,817,760,880,905,882,1289,418,403,466,484,405,586,399,357,414,421,477,703,2363,0,2363
1000786,구암길,2935,1465,1470,430,316,304,514,480,891,228,164,153,280,240,400,202,152,151,234,240,491,1402,0,1402
1000785,관천로22길,4339,2127,2212,386,1119,962,549,494,829,180,556,503,296,225,367,206,563,459,253,269,462,2550,0,2550
1000784,관천로15길,4588,2312,2276,549,991,814,677,694,863,280,490,463,360,326,393,269,501,351,317,368,470,2398,0,2398
1000783,관악로30길,2739,1365,1374,440,407,432,420,420,620,220,220,223,205,212,285,220,187,209,215,208,335,1019,290,729
1000782,관악로28길,3096,1532,1564,500,434,453,505,505,699,254,228,225,253,243,329,246,206,228,252,262,370,1116,163,953
1000781,관악로14길,1415,670,745,104,545,283,138,116,229,53,241,143,74,61,98,51,304,140,64,55,131,980,0,980
1000780,관악로10길,4471,2220,2251,505,1331,875,581,469,710,258,612,502,316,222,310,247,719,373,265,247,400,2650,120,2530
1000779,흑석로9길,2030,1033,997,195,647,302,228,248,410,101,372,159,114,116,171,94,275,143,114,132,239,1198,230,968
1000778,흑석로13길,655,331,324,77,150,96,82,108,142,33,75,64,42,55,62,44,75,32,40,53,80,329,0,329
1000777,장승배기로27길,2335,1233,1102,162,462,364,300,412,635,96,252,221,179,205,280,66,210,143,121,207,355,1386,0,1386
1000776,장승배기로19길,2448,1242,1206,193,344,346,326,470,769,95,178,205,173,245,346,98,166,141,153,225,423,1324,0,1324
1000775,장승배기로10길,383,206,177,36,75,44,54,73,101,19,41,29,25,41,51,17,34,15,29,32,50,212,22,190
1000774,여의대방로46길,2872,1334,1538,686,436,369,625,397,359,291,188,181,303,209,162,395,248,188,322,188,197,1117,171,946
1000773,여의대방로24길,2873,1347,1526,391,520,553,467,407,535,194,223,265,219,202,244,197,297,288,248,205,291,1447,71,1376
1000772,여의대방로22카길,3185,1556,1629,354,754,602,460,426,589,191,342,311,217,219,276,163,412,291,243,207,313,1721,0,1721
1000771,여의대방로22나길,2494,1200,1294,377,350,430,417,367,553,195,169,208,211,181,236,182,181,222,206,186,317,1099,198,901
1000770,여의대방로22길,2387,1170,1217,280,468,468,360,352,459,153,217,241,187,167,205,127,251,227,173,185,254,1262,177,1085
1000769,양녕로26길,1926,934,992,320,264,297,328,313,404,172,123,147,164,143,185,148,141,150,164,170,219,769,142,627
1000768,신대방길,3860,1858,2002,428,560,567,603,657,1045,224,277,296,285,327,449,204,283,271,318,330,596,2197,0,2197
1000767,성대로29길,2051,988,1063,266,341,325,330,311,478,139,180,162,166,151,190,127,161,163,164,160,288,975,0,975
1000766,성대로1길,1125,554,571,95,247,250,127,174,232,46,115,121,69,99,104,49,132,129,58,75,128,713,0,713
1000765,서달로8가길,630,305,325,68,106,61,85,111,199,31,57,33,44,61,79,37,49,28,41,50,120,333,0,333
1000764,서달로15길,363,191,172,31,54,53,43,57,125,14,30,32,30,31,54,17,24,21,13,26,71,228,0,228
1000763,서달로14길,380,176,204,37,65,47,36,77,118,16,33,22,22,35,48,21,32,25,14,42,70,200,0,200
1000762,서달로10길,1747,829,918,183,273,237,251,310,493,93,133,118,137,152,196,90,140,119,114,158,297,866,0,866
1000761,상도로62길,2947,1430,1517,363,909,561,376,288,450,178,446,267,192,141,206,185,463,294,184,147,244,1702,130,1572
1000760,상도로61길,2305,1191,1114,234,724,385,278,267,417,121,421,200,140,117,192,113,303,185,138,150,225,1287,274,1013
1000759,상도로47길,3944,1988,1956,488,1231,559,485,440,741,242,710,286,228,198,324,246,521,273,257,242,417,2157,49,2108
1000758,상도로37길,1330,639,691,176,362,241,160,146,245,81,175,127,84,66,106,95,187,114,76,80,139,713,0,713
1000757,상도로15길,3901,1890,2011,356,881,804,504,548,808,175,431,412,259,268,345,181,450,392,245,280,463,2191,0,2191
1000756,사당로8길,2608,1233,1375,258,488,514,378,397,573,134,222,261,192,185,239,124,266,253,186,212,334,1295,0,1295
1000755,사당로30길,1022,484,538,60,231,247,131,115,238,39,107,122,73,46,97,21,124,125,58,69,141,628,0,628
1000754,사당로2차길,3211,1554,1657,471,505,553,518,465,699,261,232,276,254,213,318,210,273,277,264,252,381,1531,230,1301
1000753,사당로29길,2570,1227,1343,239,508,453,350,441,579,115,255,223,173,218,243,124,253,230,177,223,336,1363,0,1363
1000752,사당로26길,2886,1392,1494,274,630,638,343,391,610,146,298,334,159,184,271,128,332,304,184,207,339,1600,0,1600
1000751,사당로23나길,1000,497,503,113,143,145,157,165,277,59,72,82,86,78,120,54,71,63,71,87,157,476,0,476
1000750,사당로23길,1509,721,788,307,178,281,242,224,277,162,74,126,125,107,127,145,104,155,117,117,150,512,503,9
1000749,사당로20길,2722,1296,1426,258,575,563,377,367,582,122,267,301,194,158,254,136,308,262,183,209,328,1476,0,1476
1000748,사당로16길,3461,1649,1812,378,499,584,552,490,958,182,237,307,293,221,409,196,262,277,259,269,549,1703,68,1635
1000747,사당로16가길,2263,1079,1184,237,475,404,318,310,519,113,214,208,168,147,229,124,261,196,150,163,290,1140,0,1140
1000746,만양로8길,3617,1847,1770,520,711,639,463,486,798,270,405,368,240,208,356,250,306,271,223,278,442,1719,593,1126
1000745,만양로14길,921,559,362,38,379,201,87,70,146,22,247,141,63,32,54,16,132,60,24,38,92,711,0,711
1000744,등용로14길,1918,967,951,195,332,325,245,328,493,105,181,176,131,160,214,90,151,149,114,168,279,1008,133,875
1000743,동작대로7길,3443,1644,1799,216,893,745,384,474,731,117,389,364,208,227,339,99,504,381,176,247,392,2078,64,2014
1000742,동작대로35길,2600,1304,1296,315,344,433,391,418,699,170,177,234,208,197,318,145,167,199,183,221,381,1149,24,1125
1000741,동작대로33길,2635,1255,1380,229,422,456,387,394,747,125,203,227,190,170,340,104,219,229,197,224,407,1427,18,1409
1000740,동작대로29길,860,427,433,98,144,136,106,128,248,52,80,71,53,58,113,46,64,65,53,70,135,350,148,202
1000739,동작대로17길,2411,1122,1289,177,471,505,343,336,579,89,199,223,182,153,276,88,272,282,161,183,303,1492,0,1492
1000738,대방동2길,3564,1596,1968,476,847,672,520,469,580,257,336,281,249,213,260,219,511,391,271,256,320,1805,0,1805
1000737,대방동27길,4113,2061,2052,749,746,692,757,564,605,409,360,354,376,293,269,340,386,338,381,271,336,1902,0,1902
1000736,노량진로6길,3231,1625,1606,311,547,442,445,676,810,163,273,257,238,324,370,148,274,185,207,352,440,1619,18,1601
1000735,국사봉길,3937,1880,2057,511,716,792,552,522,844,249,326,410,292,241,362,262,390,382,260,281,482,1993,0,1993
1000734,국사봉2길,1413,632,781,140,366,324,194,151,238,79,137,145,84,77,110,61,229,179,110,74,128,828,0,828
1000733,국사봉1길,3340,1573,1767,321,591,624,503,505,796,158,263,322,247,234,349,163,328,302,256,271,447,1851,0,1851
1000732,영신로9길,2590,1342,1248,219,339,442,347,502,741,109,191,236,184,257,365,110,148,206,163,245,376,1456,69,1387
1000731,영등포로84길,2665,1348,1317,191,570,496,394,405,609,95,259,285,215,220,274,96,311,211,179,185,335,1740,14,1726
1000730,영등포로80길,2232,1160,1072,209,377,353,324,382,587,117,185,212,183,210,253,92,192,141,141,172,334,1270,0,1270
1000729,영등포로62길,1623,849,774,134,266,341,236,240,406,62,147,198,135,120,187,72,119,143,101,120,219,955,21,934
1000728,영등포로35길,1332,764,568,76,323,285,167,197,284,40,159,169,107,128,161,36,164,116,60,69,123,957,0,957
1000727,영등포로27길,1825,1003,822,147,327,373,254,299,425,74,165,233,152,173,206,73,162,140,102,126,219,1120,0,1120
1000726,영등포로25길,1829,930,899,131,394,370,229,283,422,63,191,201,138,144,193,68,203,169,91,139,229,1125,0,1125
1000725,여의대방로61길,2311,1165,1146,219,324,444,362,376,586,104,160,259,182,200,260,115,164,185,180,176,326,1248,411,837
1000724,여의대방로43나길,3542,1773,1769,436,514,519,530,641,902,241,264,280,272,313,403,195,250,239,258,328,499,1643,746,897
1000723,여의대방로39길,371,173,198,28,74,64,43,61,101,15,29,30,21,31,47,13,45,34,22,30,54,222,0,222
1000722,여의대방로35길,1533,795,738,173,242,218,241,243,416,90,123,119,130,128,205,83,119,99,111,115,211,766,0,766
1000721,양평로28길,4135,2106,2029,593,690,1103,610,509,630,310,323,602,315,250,306,283,367,501,295,259,324,1877,631,1246
1000720,양평로22라길,1552,760,792,204,265,486,245,154,198,117,98,257,133,75,80,87,167,229,112,79,118,825,165,660
1000719,양평로19길,3234,1627,1607,567,466,620,530,455,596,297,229,324,278,230,269,270,237,296,252,225,327,1251,626,625
1000718,신길로60길,2997,1487,1510,318,364,403,449,532,931,166,173,216,231,275,426,152,191,187,218,257,505,1474,0,1474
1000717,신길로42길,2737,1382,1355,297,366,304,418,536,816,152,192,175,227,278,358,145,174,129,191,258,458,1292,80,1212
1000716,신길로42가길,3964,1929,2035,503,539,445,642,732,1103,265,280,243,320,348,473,238,259,202,322,384,630,1902,250,1652
1000715,신길로39길,1984,1008,976,236,257,213,318,396,564,125,147,119,167,201,249,111,110,94,151,195,315,1060,0,1060
1000714,신길로17길,2428,1173,1255,211,383,315,344,458,717,106,210,176,162,213,306,105,173,139,182,245,411,1263,0,1263
1000713,선유서로28길,982,506,476,130,117,158,150,150,277,73,60,87,87,70,129,57,57,71,63,80,148,442,0,442
1000712,선유서로25길,3395,1761,1634,385,556,817,519,457,661,202,271,450,293,251,294,183,285,367,226,206,367,1810,591,1219
1000711,선유서로24길,1294,670,624,114,134,148,175,237,486,58,87,93,101,127,204,56,47,55,74,110,282,735,0,735
1000710,선유로55길,2921,1438,1483,208,719,756,357,354,527,107,282,400,193,206,250,101,437,356,164,148,277,1881,20,1861
1000709,디지털로74길,81,74,7,61,4,4,5,2,5,60,3,3,4,0,4,1,1,1,1,2,1,13,0,13
1000708,디지털로57길,1463,703,760,133,143,165,256,276,490,73,72,80,125,146,207,60,71,85,131,130,283,868,0,868
1000707,디지털로37길,1343,649,694,141,121,128,218,244,491,72,65,63,105,123,221,69,56,65,113,121,270,725,0,725
1000706,도신로62길,1876,927,949,231,278,270,288,291,518,115,154,148,141,136,233,116,124,122,147,155,285,910,0,910
1000705,도신로60길,800,408,392,87,118,108,108,131,248,46,65,60,57,61,119,41,53,48,51,70,129,433,0,433
1000704,도신로29길,1619,818,801,205,217,243,265,292,397,118,109,132,129,154,176,87,108,111,136,138,221,748,84,664
1000703,도신로15길,3610,1795,1815,332,680,728,514,567,789,180,304,379,275,290,367,152,376,349,239,277,422,1865,12,1853
1000702,도림천로21길,2485,1224,1261,244,434,466,338,403,600,107,216,259,163,197,282,137,218,207,175,206,318,1362,0,1362
1000701,도림로63길,602,306,296,89,76,80,98,115,144,39,43,44,50,58,72,50,33,36,48,57,72,270,0,270
1000700,도림로147길,341,187,154,15,42,50,34,58,142,9,25,23,26,34,70,6,17,27,8,24,72,203,0,203
1000699,도림로112길,2249,1171,1078,233,271,307,355,431,652,127,150,165,195,236,298,106,121,142,160,195,354,1134,0,1134
1000698,대림로8길,3025,1503,1522,299,492,388,464,496,886,159,235,212,234,258,405,140,257,176,230,238,481,1630,0,1630
1000697,대림로7길,1057,512,545,100,140,130,149,211,327,53,61,76,68,104,150,47,79,54,81,107,177,566,0,566
1000696,대림로44길,2339,1224,1115,338,341,292,402,473,493,185,187,161,206,251,234,153,154,131,196,222,259,1017,58,959
1000695,대림로34길,2843,1458,1385,418,404,320,451,560,690,221,216,184,224,285,328,197,188,136,227,275,362,1214,134,1080
1000694,대림로31길,2369,1214,1155,242,282,317,421,467,640,133,130,175,233,250,293,109,152,142,188,217,347,1262,172,1090
1000693,대림로29길,1876,974,902,156,243,257,310,358,552,82,130,148,169,200,245,74,113,109,141,158,307,1137,0,1137
1000692,대림로22길,4346,2194,2152,522,626,482,676,846,1194,274,336,261,336,440,547,248,290,221,340,406,647,1939,791,1148
1000691,당산로46길,2217,1111,1106,143,580,510,261,288,435,70,261,288,140,153,199,73,319,222,121,135,236,1374,0,1374
1000690,당산로38길,1801,818,983,134,603,491,196,175,202,57,231,272,93,75,90,77,372,219,103,100,112,1253,0,1253
1000689,당산로37길,1331,628,703,130,177,244,183,214,383,62,78,118,100,116,154,68,99,126,83,98,229,786,587,199
1000688,당산로31길,981,503,478,99,196,236,130,129,191,57,91,120,72,71,92,42,105,116,58,58,99,571,95,476
1000687,국회대로56길,2712,1612,1100,108,839,947,298,212,308,53,431,632,200,139,157,55,408,315,98,73,151,2129,270,1859
1000686,경인로90길,141,108,33,1,7,8,19,37,69,0,4,5,18,30,51,1,3,3,1,7,18,126,0,126
1000685,경인로80길,152,88,64,6,11,25,24,28,58,2,8,19,18,16,25,4,3,6,6,12,33,74,0,74
1000684,경인로77길,269,163,106,7,48,47,28,52,87,3,32,30,20,34,44,4,16,17,8,18,43,198,0,198
1000683,가마산로61길,1912,971,941,218,275,207,292,377,543,118,147,114,152,196,244,100,128,93,140,181,299,896,0,896
1000682,시흥대로94길,3748,1915,1833,459,598,567,539,733,852,230,324,323,261,367,410,229,274,244,278,366,442,1825,19,1806
1000681,시흥대로84길,5951,3031,2920,717,908,828,867,1225,1406,399,483,445,438,599,667,318,425,383,429,626,739,2696,68,2628
1000680,시흥대로68길,2653,1364,1289,313,374,341,405,525,695,172,201,197,216,263,315,141,173,144,189,262,380,1288,0,1288
1000679,시흥대로63길,1584,783,801,176,219,273,239,296,381,84,111,141,125,141,181,92,108,132,114,155,200,801,390,411
1000678,시흥대로62가길,3026,1521,1505,374,411,386,471,611,773,196,231,212,240,300,342,178,180,174,231,311,431,1456,0,1456
1000677,시흥대로36길,1984,1017,967,280,253,299,299,368,485,141,134,169,165,188,220,139,119,130,134,180,265,841,71,770
1000676,시흥대로22길,3530,1762,1768,503,477,509,521,598,922,251,250,285,270,286,420,252,227,224,251,312,502,1347,205,1142
1000675,시흥대로153길,1824,1020,804,144,418,407,209,303,343,76,233,250,121,164,176,68,185,157,88,139,167,1154,66,1088
1000674,시흥대로150길,4814,2437,2377,574,731,777,701,866,1165,297,372,423,355,444,546,277,359,354,346,422,619,2229,344,1885
1000673,시흥대로141길,2252,1241,1011,148,533,427,288,398,458,70,267,255,171,235,243,78,266,172,117,163,215,1536,0,1536
1000672,시흥대로138길,576,310,266,61,55,78,86,118,178,35,35,49,41,60,90,26,20,29,45,58,88,298,25,273
1000671,시흥대로120길,3305,1662,1643,371,512,447,485,698,792,195,258,239,247,357,366,176,254,208,238,341,426,1552,34,1518
1000670,벚꽃로56길,1055,573,482,73,152,176,150,209,295,41,83,106,86,118,139,32,69,70,64,91,156,649,0,649
1000669,범안로17길,1258,674,584,118,229,270,211,193,237,62,115,164,118,101,114,56,114,106,93,92,123,688,190,498
1000668,범안로11길,1269,724,545,73,392,425,157,104,118,31,203,266,101,61,62,42,189,159,56,43,56,970,154,816
1000667,문성로5길,3269,1649,1620,333,519,506,488,622,801,160,262,282,267,297,381,173,257,224,221,325,420,1632,53,1579
1000666,독산로85길,649,318,331,80,89,86,107,140,147,35,53,46,55,69,60,45,36,40,52,71,87,307,0,307
1000665,독산로78다길,3279,1656,1623,426,479,410,493,648,823,212,259,226,244,327,388,214,220,184,249,321,435,1472,56,1416
1000664,독산로70길,2598,1316,1282,261,317,300,450,601,669,128,159,168,221,338,302,133,158,132,229,263,367,1452,0,1452
1000663,독산로64길,2243,1139,1104,263,317,281,350,489,543,135,177,149,184,252,242,128,140,132,166,237,301,1057,0,1057
1000662,독산로50길,2130,1070,1060,323,315,278,317,384,513,173,165,141,156,185,250,150,150,137,161,199,263,760,246,514
1000661,독산로40길,2632,1302,1330,393,321,385,408,486,639,191,180,209,207,224,291,202,141,176,201,262,348,1149,69,1080
1000660,독산로108길,1910,988,922,190,322,300,305,392,401,101,156,182,148,210,191,89,166,118,157,182,210,1012,12,1000
1000659,남부순환로112길,2288,1372,916,96,694,499,290,355,354,42,377,331,199,219,204,54,317,168,91,136,150,1748,0,1748
1000658,금하로24길,4338,2190,2148,574,576,463,696,828,1201,287,318,257,361,430,537,287,258,206,335,398,664,2010,0,2010
1000657,금하로1길,1965,991,974,272,273,245,345,360,470,133,138,147,171,184,218,139,135,98,174,176,252,956,0,956
1000656,금하로14길,1753,865,888,215,264,249,262,311,452,97,131,139,129,157,212,118,133,110,133,154,240,836,123,713
1000655,가산로5길,3281,1909,1372,275,846,886,422,391,461,148,460,564,265,230,242,127,386,322,157,161,219,2154,214,1940
1000654,가산로3길,1060,668,392,62,287,322,146,133,110,27,168,227,108,82,56,35,119,95,38,51,54,776,0,776
1000653,중앙로1길,1102,568,534,156,184,168,159,180,255,88,99,87,88,88,118,68,85,81,71,92,137,461,181,280
1000652,중앙로15길,1606,819,787,241,211,251,224,263,416,123,124,132,131,123,186,118,87,119,93,140,230,643,98,545
1000651,우마길,830,469,361,50,102,67,105,242,264,24,57,37,67,141,143,26,45,30,38,101,121,514,0,514
1000650,오류로8길,2099,1053,1046,257,281,261,293,332,675,142,151,155,152,171,282,115,130,106,141,161,393,1065,0,1065
1000649,신도림로13길,517,258,259,50,64,54,72,107,170,15,37,26,41,57,82,35,27,28,31,50,88,259,0,259
1000648,새말로18길,2823,1373,1450,358,436,608,374,402,645,184,200,299,190,191,309,174,236,309,184,211,336,1324,305,1019
1000647,부일로1길,1428,716,712,188,166,266,219,206,383,110,76,126,126,103,175,78,90,140,93,103,208,601,64,537
1000646,부일로15길,1686,825,861,265,225,223,301,262,410,130,117,105,162,130,181,135,108,118,139,132,229,734,9,725
1000645,부일로11길,2639,1349,1290,411,374,333,433,474,614,234,211,176,201,229,298,177,163,157,232,245,316,1067,0,1067
1000644,디지털로32길,1500,822,678,40,482,527,207,131,113,19,203,323,129,85,63,21,279,204,78,46,50,1293,0,1293
1000643,디지털로32가길,4723,2583,2140,107,1823,1708,499,266,320,54,850,1026,331,161,161,53,973,682,168,105,159,4074,94,3980
1000642,디지털로27길,1190,637,553,128,108,140,191,231,392,59,57,81,113,141,186,69,51,59,78,90,206,629,0,629
1000641,도림로6길,1410,727,683,154,166,170,218,281,421,79,91,99,128,148,182,75,75,71,90,133,239,701,0,701
1000640,도림로12길,2165,1027,1138,279,258,287,344,379,618,141,133,142,175,177,259,138,125,145,169,202,359,971,0,971
1000639,남부순환로97길,1287,608,679,206,126,220,175,163,397,95,64,110,87,60,192,111,62,110,88,103,205,480,448,32
1000638,구로중앙로8길,2694,1307,1387,274,311,345,392,530,842,137,155,173,198,246,398,137,156,172,194,284,444,1282,0,1282
1000637,구로중앙로7길,673,350,323,63,47,76,96,123,268,38,25,37,58,64,128,25,22,39,38,59,140,356,0,356
1000636,구로중앙로42길,922,500,422,113,123,127,147,158,254,53,79,77,86,87,118,60,44,50,61,71,136,430,0,430
1000635,구로중앙로34길,1131,586,545,115,166,133,167,226,324,56,97,88,80,116,149,59,69,45,87,110,175,566,21,545
1000634,구로중앙로28길,3257,1612,1645,387,503,555,523,574,715,176,213,299,281,307,336,211,290,256,242,267,379,1701,322,1379
1000633,구로중앙로19길,870,412,458,107,96,107,135,168,257,53,40,56,65,88,110,54,56,51,70,80,147,438,0,438
1000632,구로동로8길,6114,3070,3044,690,804,691,945,1179,1805,364,491,376,478,550,811,326,313,315,467,629,994,2689,0,2689
1000631,구로동로7길,2646,1414,1232,264,330,290,408,537,817,150,203,161,227,295,378,114,127,129,181,242,439,1327,0,1327
1000630,구로동로42길,1936,948,988,238,229,204,324,364,577,119,109,101,171,201,247,119,120,103,153,163,330,920,0,920
1000629,구로동로41길,2508,1301,1207,319,315,309,407,486,672,162,172,174,220,265,308,157,143,135,187,221,364,1205,0,1205
1000628,구로동로38길,1903,940,963,215,224,191,282,388,603,100,125,102,146,208,259,115,99,89,136,180,344,948,0,948
1000627,구로동로28길,2031,1023,1008,221,238,210,350,377,635,115,121,113,175,208,291,106,117,97,175,169,344,1125,43,1082
1000626,구로동로15길,982,507,475,96,110,99,126,215,336,48,69,59,62,112,157,48,41,40,64,103,179,527,0,527
1000625,공원로6가길,2119,931,1188,187,637,521,254,224,296,89,204,252,133,115,138,98,433,269,121,109,158,1380,110,1270
1000624,고척로52길,3170,1579,1591,527,412,471,513,551,696,263,217,245,259,270,325,264,195,226,254,281,371,1272,636,636
1000623,고척로27다길,4462,2211,2251,646,659,534,708,855,1060,323,356,267,345,424,496,323,303,267,363,431,564,1971,0,1971
1000622,고척로27길,2513,1286,1227,341,353,332,384,460,643,171,197,172,197,246,303,170,156,160,187,214,340,1147,0,1147
1000621,고척로21나길,2594,1345,1249,364,324,332,423,467,684,190,185,182,231,242,315,174,139,150,192,225,369,1211,0,1211
1000620,경인로47길,2030,1002,1028,288,311,270,301,358,502,126,160,138,161,179,238,162,151,132,140,179,264,858,362,496
1000619,경인로35길,3027,1562,1465,321,395,337,423,599,952,167,199,185,237,307,467,154,196,152,186,292,485,1470,0,1470
1000618,경인로31길,1833,957,876,167,229,217,284,403,533,76,125,119,175,217,245,91,104,98,109,186,288,1043,0,1043
1000617,경인로15길,3435,1716,1719,439,457,492,529,576,942,215,241,259,284,273,444,224,216,233,245,303,498,1527,0,1527
1000616,개봉로3길,2996,1467,1529,421,405,479,494,497,700,206,209,261,252,238,301,215,196,218,242,259,399,1292,245,1047
1000615,개봉로2길,2287,1086,1201,367,286,409,363,339,523,175,138,211,175,158,229,192,148,198,188,181,294,986,0,986
1000614,개봉로23가길,2487,1224,1263,308,278,485,377,352,687,139,134,258,211,163,319,169,144,227,166,189,368,1117,366,751
1000613,개봉로20길,3693,1760,1933,623,450,610,543,556,911,309,215,277,280,244,435,314,235,333,263,312,476,1312,781,531
1000612,개봉로1길,2206,1109,1097,312,291,372,364,338,529,160,152,204,183,168,242,152,139,168,181,170,287,926,134,792
1000611,개봉로17다길,3350,1670,1680,449,478,533,497,561,832,220,270,262,254,281,383,229,208,271,243,280,449,1500,189,1311
1000610,개봉로17길,5679,2781,2898,868,820,860,916,999,1216,463,419,427,470,474,528,405,401,433,446,525,688,2272,0,2272
1000609,개봉로11길,5293,2602,2691,775,757,767,834,896,1264,399,388,393,420,421,581,376,369,374,414,475,683,2179,0,2179
1000608,화곡로64길,4287,2046,2241,510,917,1060,596,532,672,288,339,533,299,273,314,222,578,527,297,259,358,2362,485,1877
1000607,화곡로59길,2633,1276,1357,406,414,437,410,496,470,214,220,206,185,239,212,192,194,231,225,257,258,1001,414,587
1000606,화곡로44나길,3088,1543,1545,439,473,607,490,484,595,235,222,330,253,215,288,204,251,277,237,269,307,1487,42,1445
1000605,화곡로31길,3946,1901,2045,392,641,719,520,643,1031,202,324,375,245,285,470,190,317,344,275,358,561,1897,22,1875
1000604,화곡로20길,3353,1684,1669,476,455,613,506,532,771,247,230,318,284,244,361,229,225,295,222,288,410,1473,89,1384
1000603,화곡로13길,3440,1659,1781,545,499,549,584,535,728,287,250,273,277,256,316,258,249,276,307,279,412,1411,115,1296
1000602,초원로16길,3533,1798,1735,422,522,489,474,634,992,225,272,273,256,299,473,197,250,216,218,335,519,1627,22,1605
1000601,초록마을로8길,4948,2440,2508,934,700,948,863,686,817,498,356,496,434,307,349,436,344,452,429,379,468,2025,95,1930
1000600,초록마을로3길,2874,1476,1398,219,627,772,474,330,452,101,305,440,264,171,195,118,322,332,210,159,257,1869,0,1869
1000599,월정로20길,2545,1333,1212,175,526,720,375,331,418,78,246,408,229,170,202,97,280,312,146,161,216,1588,43,1545
1000598,우장산로6길,5368,2557,2811,1272,714,690,1117,795,780,596,346,326,523,399,367,676,368,364,594,396,413,1869,478,1391
1000597,양천로73가길,2749,1426,1323,708,319,493,583,331,315,400,156,244,295,178,153,308,163,249,288,153,162,1005,322,683
1000596,양천로71길,6658,3249,3409,1750,753,928,1430,919,878,852,398,418,720,451,410,898,355,510,710,468,468,2069,1949,120
1000595,양천로49길,1311,677,634,152,246,346,172,173,222,88,100,205,97,84,103,64,146,141,75,89,119,635,0,635
1000594,양천로26길,2015,967,1048,417,217,355,354,294,378,203,116,165,173,149,161,214,101,190,181,145,217,720,238,482
1000593,양천로24길,3790,1931,1859,574,497,680,529,567,943,327,260,348,289,263,444,247,237,332,240,304,499,1583,450,1133
1000592,양천로24가길,2885,1440,1445,480,367,455,491,460,632,244,191,237,249,231,288,236,176,218,242,229,344,1180,217,963
1000591,양천로14길,4264,2097,2167,743,567,648,638,696,972,386,290,335,333,310,443,357,277,313,305,386,529,1574,556,1018
1000590,방화대로6라길,2362,1221,1141,305,304,369,457,383,544,168,143,204,253,207,246,137,161,165,204,176,298,1137,0,1137
1000589,방화대로21길,2475,1257,1218,308,395,397,317,432,626,160,192,242,160,214,289,148,203,155,157,218,337,1224,44,1180
1000588,등촌로5길,1439,677,762,173,214,267,194,242,349,90,104,130,97,102,154,83,110,137,97,140,195,634,49,585
1000587,등촌로55길,2958,1423,1535,419,505,740,445,379,470,219,230,386,213,160,215,200,275,354,232,219,255,1353,0,1353
1000586,등촌로51길,2072,1030,1042,310,345,310,283,356,468,160,197,150,135,164,224,150,148,160,148,192,244,776,236,540
1000585,등촌로39길,3389,1696,1693,565,519,620,509,554,622,297,263,335,255,270,276,268,256,285,254,284,346,1358,100,1258
1000584,등촌로13길,3936,1944,1992,554,553,787,609,636,797,290,280,424,292,300,358,264,273,363,317,336,439,1668,159,1509
1000583,남부순환로11길,4071,2135,1936,607,537,820,694,630,783,320,273,454,387,338,363,287,264,366,307,292,420,1950,109,1841
1000582,까치산로4길,4286,2071,2215,767,585,789,753,590,802,403,280,411,376,268,333,364,305,378,377,322,469,1737,0,1737
1000581,국회대로7길,2331,1124,1207,249,310,433,325,402,612,108,176,230,168,175,267,141,134,203,157,227,345,1055,108,947
1000580,공항대로8길,3118,1603,1515,360,559,549,451,451,748,184,295,303,255,212,354,176,264,246,196,239,394,1633,0,1633
1000579,공항대로61길,2010,994,1016,377,275,395,375,266,322,191,141,193,193,130,146,186,134,202,182,136,176,796,338,458
1000578,공항대로59다길,3109,1524,1585,499,516,579,470,484,561,274,247,277,221,238,267,225,269,302,249,246,294,1314,464,850
1000577,공항대로59길,2216,1033,1183,175,502,586,311,295,347,88,195,282,161,147,160,87,307,304,150,148,187,1314,0,1314
1000576,공항대로55길,1756,879,877,274,274,323,244,285,356,151,133,176,119,139,161,123,141,147,125,146,195,745,0,745
1000575,공항대로42길,1139,564,575,236,143,173,229,177,181,118,75,94,100,93,84,118,68,79,129,84,97,434,18,416
1000574,공항대로38길,382,182,200,63,61,80,62,63,53,32,28,41,32,29,20,31,33,39,30,34,33,176,0,176
1000573,곰달래로60길,1988,980,1008,177,303,406,274,333,495,96,165,207,140,144,228,81,138,199,134,189,267,1028,0,1028
1000572,곰달래로53길,3732,1840,1892,605,508,583,673,591,772,306,263,317,324,296,334,299,245,266,349,295,438,1527,106,1421
1000571,곰달래로47길,4075,1989,2086,714,552,712,733,626,738,336,295,373,363,290,332,378,257,339,370,336,406,1645,20,1625
1000570,곰달래로31길,3131,1483,1648,646,406,582,556,398,543,336,196,266,274,167,244,310,210,316,282,231,299,1217,21,1196
1000569,곰달래로25길,2962,1390,1572,398,384,526,490,461,703,190,183,253,255,202,307,208,201,273,235,259,396,1402,0,1402
1000568,개화동로25길,2386,1207,1179,186,657,467,301,317,458,90,293,277,171,164,212,96,364,190,130,153,246,1499,27,1472
1000567,개화동로23길,3884,1937,1947,451,452,507,583,745,1146,232,236,274,298,369,528,219,216,233,285,376,618,1934,0,1934
1000566,강서로8길,3410,1686,1724,445,447,633,543,471,871,226,209,347,281,213,410,219,238,286,262,258,461,1583,148,1435
1000565,강서로5라길,2805,1383,1422,419,358,529,438,439,622,215,175,288,231,200,274,204,183,241,207,239,348,1243,56,1187
1000564,강서로5나길,2911,1452,1459,208,681,783,379,328,532,101,300,428,213,154,256,107,381,355,166,174,276,1840,342,1498
1000563,강서로5가길,2094,1055,1039,167,396,517,307,268,439,90,167,281,172,126,219,77,229,236,135,142,220,1219,581,638
1000562,강서로47라길,3802,1771,2031,866,564,458,734,634,546,389,266,231,340,309,236,477,298,227,394,325,310,1351,162,1189
1000561,강서로47길,4329,2077,2252,953,576,547,868,702,683,436,286,276,414,373,292,517,290,271,454,329,391,1590,515,1075
1000560,강서로45다길,2720,1321,1399,422,396,468,435,398,601,216,191,241,224,179,270,206,205,227,211,219,331,1137,151,986
1000559,강서로45길,908,437,471,172,121,135,164,126,190,75,49,71,81,59,102,97,72,64,83,67,88,356,99,257
1000558,강서로35길,3923,1880,2043,451,610,708,552,704,898,223,277,369,272,326,413,228,333,339,280,378,485,1859,37,1822
1000557,강서로29길,3091,1503,1588,386,503,762,431,438,571,194,231,400,219,191,268,192,272,362,212,247,303,1476,90,1386
1000556,강서로18길,6868,3311,3557,970,999,1348,1055,1012,1484,495,472,708,526,466,644,475,527,640,529,546,840,2941,15,2926
1000555,강서로17가길,3205,1609,1596,357,508,675,440,513,712,188,266,354,241,227,333,169,242,321,199,286,379,1411,129,1282
1000554,강서로15길,5446,2684,2762,562,774,1063,813,945,1289,271,395,566,425,486,541,291,379,497,388,459,748,2803,79,2724
1000553,가로공원로80길,2881,1451,1430,420,409,527,451,457,617,224,211,279,239,211,287,196,198,248,212,246,330,1221,0,1221
1000552,가로공원로76가길,3221,1551,1670,427,456,652,509,473,704,207,228,344,247,212,313,220,228,308,262,261,391,1425,161,1264
1000551,화곡로4길,1593,793,800,212,191,219,237,311,423,109,99,122,107,151,205,103,92,97,130,160,218,747,31,716
1000550,화곡로3길,3208,1599,1609,632,437,493,501,550,595,344,235,237,243,267,273,288,202,256,258,283,322,1201,411,790
1000549,지양로7길,3276,1616,1660,425,407,443,453,583,965,208,224,253,234,267,430,217,183,190,219,316,535,1400,0,1400
1000548,중앙로55길,3733,1841,1892,578,470,534,581,643,927,309,240,276,276,312,428,269,230,258,305,331,499,1520,208,1312
1000547,중앙로51길,4174,2059,2115,743,532,650,648,637,964,349,285,346,317,319,443,394,247,304,331,318,521,1554,273,1281
1000546,중앙로47길,1901,982,919,211,226,225,306,393,540,114,126,128,163,190,261,97,100,97,143,203,279,904,0,904
1000545,중앙로45길,1960,953,1007,279,268,274,310,337,492,149,130,138,161,151,224,130,138,136,149,186,268,900,57,843
1000544,중앙로36길,914,452,462,168,101,108,177,129,231,97,46,57,81,73,98,71,55,51,96,56,133,408,0,408
1000543,중앙로32길,1107,543,564,241,135,120,223,182,206,120,74,61,101,101,86,121,61,59,122,81,120,449,69,380
1000542,중앙로25길,1915,1019,896,186,204,257,326,381,561,99,117,154,183,209,257,87,87,103,143,172,304,1047,41,1006
1000541,은행정로7길,3339,1641,1698,513,455,514,547,528,782,260,232,257,281,248,363,253,223,257,266,280,419,1432,97,1335
1000540,은행정로5길,793,430,363,124,83,93,129,146,218,63,46,56,65,89,111,61,37,37,64,57,107,398,0,398
1000539,오목로5길,4021,1969,2052,796,434,650,635,635,871,411,223,297,324,317,397,385,211,353,311,318,474,1477,814,663
1000538,오목로3길,3610,1805,1805,737,402,587,629,545,710,380,215,289,325,264,332,357,187,298,304,281,378,1264,524,740
1000537,오목로30길,3628,1785,1843,393,581,571,560,620,903,215,276,310,274,294,416,178,305,261,286,326,487,1705,0,1705
1000536,오목로23길,4491,2264,2227,632,691,860,718,668,922,322,355,457,366,321,443,310,336,403,352,347,479,2093,0,2093
1000535,신월로20길,1968,995,973,391,215,354,328,280,400,204,121,181,162,129,198,187,94,173,166,151,202,692,575,117
1000534,신월로15길,5742,2847,2895,987,749,757,935,970,1344,532,390,376,464,478,607,455,359,381,471,492,737,2045,635,1410
1000533,신목로6길,2411,1160,1251,441,354,310,451,386,469,230,189,143,203,197,198,211,165,167,248,189,271,976,36,940
1000532,신목로5길,2171,1073,1098,541,311,202,463,367,287,274,165,89,217,199,129,267,146,113,246,168,158,691,116,575
1000531,신목로2길,2072,1020,1052,375,354,185,350,440,368,196,190,95,158,216,165,179,164,90,192,224,203,725,158,567
1000530,목동중앙서로8가길,1394,677,717,192,218,250,193,223,318,109,108,125,99,102,134,83,110,125,94,121,184,637,0,637
1000529,목동중앙서로7길,3793,1848,1945,605,601,621,647,617,702,325,298,326,305,291,303,280,303,295,342,326,399,1651,0,1651
1000528,목동중앙북로8길,2135,973,1162,246,335,413,298,343,500,128,163,205,138,144,195,118,172,208,160,199,305,1052,185,867
1000527,목동중앙북로16길,3495,1690,1805,422,601,910,467,458,637,221,255,467,240,212,295,201,346,443,227,246,342,1673,0,1673
1000526,목동중앙본로7길,2932,1476,1456,504,460,419,461,534,554,298,255,211,201,262,249,206,205,208,260,272,305,1156,0,1156
1000525,목동중앙로3길,2412,1162,1250,533,354,284,445,410,386,260,182,136,201,215,168,273,172,148,244,195,218,855,56,799
1000524,목동중앙로13나길,1074,557,517,170,161,257,157,154,175,92,68,140,79,89,89,78,93,117,78,65,86,528,0,528
1000523,목동중앙남로3가길,2743,1374,1369,498,434,432,447,459,473,283,240,204,212,218,217,215,194,228,235,241,256,1019,201,818
1000522,목동로9길,3483,1659,1824,561,578,540,582,587,635,287,279,248,285,254,306,274,299,292,297,333,329,1418,130,1288
1000521,목동로19길,2288,1072,1216,355,347,357,369,390,470,175,169,164,169,185,210,180,178,193,200,205,260,976,37,939
1000520,목동동로8길,1574,757,817,397,195,159,367,265,191,197,95,75,174,136,80,200,100,84,193,129,111,534,144,390
1000519,목동동로12길,2273,1083,1190,502,312,242,449,371,397,258,147,110,199,195,174,244,165,132,250,176,223,800,275,525
1000518,목동남로4길,1263,604,659,277,175,161,236,180,234,129,83,81,109,99,103,148,92,80,127,81,131,420,187,233
1000517,남부순환로88길,1859,905,954,494,203,229,405,265,263,244,96,111,189,139,126,250,107,118,216,126,137,575,545,30
1000516,남부순환로79길,710,358,352,86,78,93,90,154,209,45,45,55,38,78,97,41,33,38,52,76,112,333,96,237
1000515,남부순환로70길,4823,2378,2445,560,681,566,713,901,1402,270,367,297,379,457,608,290,314,269,334,444,794,2162,0,2162
1000514,남부순환로58길,2060,1059,1001,289,287,302,298,372,512,158,144,174,157,188,238,131,143,128,141,184,274,995,0,995
1000513,남부순환로40길,2424,1333,1091,219,280,304,388,512,721,104,147,189,238,295,360,115,133,115,150,217,361,1367,96,1271
1000512,남부순환로33길,3691,1808,1883,452,531,562,533,691,922,215,270,308,256,327,432,237,261,254,277,364,490,1625,48,1577
1000511,곰달래로5길,3724,1921,1803,389,565,477,536,741,1016,204,297,264,283,383,490,185,268,213,253,358,526,1720,184,1536
1000510,곰달래로3길,3853,2012,1841,485,497,497,637,769,968,258,282,272,330,418,452,227,215,225,307,351,516,1794,276,1518
1000509,곰달래로2길,3492,1787,1705,514,465,524,545,651,793,263,234,290,289,335,376,251,231,234,256,316,417,1465,103,1362
1000508,곰달래로10길,3379,1747,1632,451,410,580,548,579,811,228,235,305,290,298,391,223,175,275,258,281,420,1640,14,1626
1000507,가로공원로58길,2349,1297,1052,208,304,228,388,508,713,106,165,135,235,304,352,102,139,93,153,204,361,1322,0,1322
1000506,효창원로93길,2764,1320,1444,328,452,374,457,524,629,152,223,196,211,252,286,176,229,178,246,272,343,1265,49,1216
1000505,토정로37길,2607,1255,1352,646,257,398,617,335,354,315,121,173,319,171,156,331,136,225,298,164,198,956,830,126
1000504,월드컵로8길,1609,721,888,150,304,370,271,201,313,77,133,161,127,90,133,73,171,209,144,111,180,861,0,861
1000503,월드컵로7길,1873,854,1019,213,360,439,271,258,332,110,153,200,123,122,146,103,207,239,148,136,186,976,0,976
1000502,월드컵로36길,3832,1709,2123,443,782,753,635,516,703,218,286,330,317,247,311,225,496,423,318,269,392,2092,152,1940
1000501,월드컵로25길,3070,1483,1587,493,463,535,553,422,604,250,228,259,276,216,254,243,235,276,277,206,350,1315,282,1033
1000500,월드컵로19길,1615,748,867,164,307,291,260,213,380,82,143,146,129,103,145,82,164,145,131,110,235,855,0,855
1000499,월드컵로16길,2463,1144,1319,307,458,519,397,336,446,159,202,236,182,171,194,148,256,283,215,165,252,1216,32,1184
1000498,월드컵로11길,2423,1122,1301,271,429,552,370,304,497,135,185,257,187,151,207,136,244,295,183,153,290,1311,19,1292
1000497,월드컵로10길,2393,1111,1282,219,357,481,426,331,579,114,137,220,207,171,262,105,220,261,219,160,317,1399,16,1383
1000496,와우산로3길,1757,828,929,153,366,414,238,254,332,76,165,207,119,122,139,77,201,207,119,132,193,982,0,982
1000495,와우산로29길,786,367,419,72,146,177,131,95,165,38,62,86,68,40,73,34,84,91,63,55,92,442,48,394
1000494,와우산로29가길,502,229,273,28,195,122,46,40,71,15,87,57,20,20,30,13,108,65,26,20,41,348,0,348
1000493,양화진길,1294,593,701,119,201,299,191,182,302,73,84,149,98,73,116,46,117,150,93,109,186,691,11,680
1000492,양화로1길,2663,1208,1455,317,498,549,429,340,530,150,212,254,212,153,227,167,286,295,217,187,303,1280,35,1245
1000491,양화로11길,759,327,432,80,152,173,120,81,153,41,63,73,50,34,66,39,89,100,70,47,87,401,0,401
1000490,신촌로30길,515,256,259,39,55,59,64,94,204,19,28,35,41,47,86,20,27,24,23,47,118,325,0,325
1000489,신촌로28가길,190,100,90,11,15,23,26,50,65,1,7,13,16,31,32,10,8,10,10,19,33,131,0,131
1000488,신촌로12길,1917,931,986,112,565,433,230,219,358,62,286,219,112,100,152,50,279,214,118,119,206,1305,0,1305
1000487,숭문길,2779,1377,1402,331,417,314,428,489,800,176,215,171,220,252,343,155,202,143,208,237,457,1452,21,1431
1000486,숭문8길,790,376,414,143,85,171,128,105,158,64,42,88,72,43,67,79,43,83,56,62,91,339,207,132
1000485,성지3길,1008,463,545,100,198,230,124,144,212,52,80,118,65,66,82,48,118,112,59,78,130,523,0,523
1000484,성산로4길,3416,1678,1738,454,518,571,578,530,765,237,247,286,293,268,347,217,271,285,285,262,418,1644,0,1644
1000483,성미산로32길,1174,534,640,86,257,308,156,164,203,46,107,140,77,81,83,40,150,168,79,83,120,671,0,671
1000482,성미산로1길,3142,1469,1673,471,471,596,604,412,588,255,218,274,271,196,255,216,253,322,333,216,333,1442,0,1442
1000481,성미산로11길,3658,1734,1924,507,554,700,661,507,729,272,264,343,305,242,308,235,290,357,356,265,421,1660,0,1660
1000480,백범로16길,1705,824,881,244,238,304,297,227,395,124,109,144,159,115,173,120,129,160,138,112,222,843,248,595
1000479,방울내로9안길,5548,2681,2867,931,748,985,967,818,1099,453,375,454,501,407,491,478,373,531,466,411,608,2340,612,1728
1000478,모래내로7길,2027,1005,1022,294,326,306,351,310,440,163,164,160,181,151,186,131,162,146,170,159,254,902,86,816
1000477,매봉산로2길,2835,1443,1392,351,544,564,418,375,583,182,244,313,235,206,263,169,300,251,183,169,320,1578,0,1578
1000476,망원로2길,4381,2081,2300,591,684,891,708,629,878,302,328,419,353,301,378,289,356,472,355,328,500,2111,162,1949
1000475,망원로11길,2171,1020,1151,323,316,322,395,322,493,152,142,168,199,161,198,171,174,154,196,161,295,966,178,788
1000474,만리재옛길,3048,1452,1596,353,513,522,484,473,703,176,218,269,248,238,303,177,295,253,236,235,400,1578,33,1545
1000473,마포대로4길,836,392,444,94,144,187,113,122,176,50,74,90,57,55,66,44,70,97,56,67,110,421,190,231
1000472,마포대로20길,2121,1015,1106,271,353,456,349,320,372,134,157,208,182,165,169,137,196,248,167,155,203,1194,218,976
1000471,마포대로12길,860,387,473,69,172,273,121,87,138,38,61,124,58,45,61,31,111,149,63,42,77,586,45,541
1000470,동교로38길,1141,574,567,68,295,283,145,125,225,42,143,143,87,72,87,26,152,140,58,53,138,743,0,743
1000469,동교로27길,2480,1133,1347,257,552,572,376,254,469,116,264,252,171,117,213,141,288,320,205,137,256,1397,0,1397
1000468,동교로25길,1292,565,727,108,305,297,175,177,230,43,126,124,88,79,105,65,179,173,87,98,125,711,0,711
1000467,동교로19길,1803,841,962,202,288,402,353,260,298,97,138,194,168,124,120,105,150,208,185,136,178,973,77,896
1000466,동교로17길,1852,861,991,220,367,402,334,229,300,117,161,181,169,105,128,103,206,221,165,124,172,995,0,995
1000465,독막로8길,1353,626,727,141,276,322,188,183,243,76,118,146,93,86,107,65,158,176,95,97,136,722,97,625
1000464,독막로32길,2812,1385,1427,369,397,449,446,449,702,188,212,228,225,229,303,181,185,221,221,220,399,1316,104,1212
1000463,독막로22길,1024,476,548,169,142,196,189,129,199,89,67,83,83,62,92,80,75,113,106,67,107,444,134,310
1000462,도화길,1081,462,619,123,223,252,156,138,189,58,72,107,72,77,76,65,151,145,84,61,113,655,145,510
1000461,도화4길,3546,1677,1869,568,381,572,570,592,863,282,191,270,292,283,359,286,190,302,278,309,504,1548,913,635
1000460,대흥로28길,1418,687,731,80,418,177,174,228,341,34,193,83,93,123,161,46,225,94,81,105,180,979,0,979
1000459,대흥로21길,3399,1760,1639,268,808,507,454,516,846,150,447,276,245,288,354,118,361,231,209,228,492,2095,0,2095
1000458,광성로6길,2022,1087,935,230,540,263,306,290,393,128,336,150,154,154,165,102,204,113,152,136,228,1110,70,1040
1000457,홍제내길,3308,1536,1772,488,419,442,557,503,899,238,210,221,264,242,361,250,209,221,293,261,538,1403,26,1377
1000456,홍연길,1084,563,521,123,141,143,145,187,345,67,79,78,84,100,155,56,62,65,61,87,190,497,35,462
1000455,통일로39길,1597,791,806,192,229,180,241,283,472,111,109,95,135,125,216,81,120,85,106,158,256,748,52,696
1000454,통일로37길,1624,739,885,151,191,209,240,310,523,72,93,103,117,136,218,79,98,106,123,174,305,873,18,855
1000453,통일로11길,288,158,130,20,39,39,29,41,120,11,24,19,18,28,58,9,15,20,11,13,62,193,0,193
1000452,충정로6길,688,362,326,35,116,171,83,108,175,20,58,84,53,64,83,15,58,87,30,44,92,484,104,380
1000451,충정로4길,499,248,251,30,84,125,69,61,130,13,43,59,39,32,62,17,41,66,30,29,68,315,0,315
1000450,증가로6길,3064,1515,1549,371,518,446,464,488,777,192,265,241,242,239,336,179,253,205,222,249,441,1458,11,1447
1000449,증가로23나길,5204,2497,2707,724,735,760,818,874,1293,353,358,391,400,422,573,371,377,369,418,452,720,2374,0,2374
1000448,증가로20가길,3592,1793,1799,590,644,461,627,573,697,305,345,246,312,274,311,285,299,215,315,299,386,1512,22,1490
1000447,증가로10길,3875,1875,2000,392,748,509,578,636,1012,195,347,278,293,305,457,197,401,231,285,331,555,2151,0,2151
1000446,응암로1길,3845,1875,1970,472,480,634,619,607,1033,241,235,319,321,278,481,231,245,315,298,329,552,1846,0,1846
1000445,연희로10길,3359,1842,1517,269,1414,618,333,285,440,151,860,347,160,130,194,118,554,271,173,155,246,2314,0,2314
1000444,신촌로37길,795,449,346,57,123,108,123,166,218,31,68,63,72,99,116,26,55,45,51,67,102,477,0,477
1000443,수색로8길,3660,1779,1881,522,446,592,528,589,983,253,231,304,270,282,439,269,215,288,258,307,544,1514,267,1247
1000442,세무서길,2406,1168,1238,247,347,301,333,422,756,130,183,159,175,210,311,117,164,142,158,212,445,1183,0,1183
1000441,세무서2길,1455,706,749,157,204,191,232,228,443,79,106,102,120,122,177,78,98,89,112,106,266,710,0,710
1000440,세검정로1길,1162,558,604,165,126,133,185,178,375,85,57,60,95,103,158,80,69,73,90,75,217,534,125,409
1000439,북아현로4길,3522,1692,1830,323,527,456,559,639,1018,167,260,264,265,314,422,156,267,192,294,325,596,1887,0,1887
1000438,모래내로15길,10755,5182,5573,2518,1112,1616,2066,1456,1987,1242,569,710,1070,718,873,1276,543,906,996,738,1114,3712,3674,38
1000437,명지대길,2429,1168,1261,309,574,365,328,343,510,161,276,180,155,167,229,148,298,185,173,176,281,1329,0,1329
1000436,독립문로8길,4172,1958,2214,676,552,614,709,582,1039,330,254,323,351,289,411,346,298,291,358,293,628,1957,281,1676
1000435,가재울로6길,2757,1351,1406,367,370,387,454,402,777,187,179,190,244,216,335,180,191,197,210,186,442,1327,0,1327
1000434,통일로92길,5780,2880,2900,678,947,953,803,1050,1349,354,481,532,415,484,614,324,466,421,388,566,735,2688,21,2667
1000433,통일로87길,1816,873,943,236,292,318,291,243,436,115,135,173,148,114,188,121,157,145,143,129,248,858,39,819
1000432,통일로78길,4505,2164,2341,553,702,716,667,760,1107,285,368,373,309,346,483,268,334,343,358,414,624,2069,24,2045
1000431,통일로69길,1750,845,905,225,238,264,273,282,468,116,115,139,140,133,202,109,123,125,133,149,266,743,0,743
1000430,진흥로1길,4156,1998,2158,689,547,647,706,672,895,352,271,310,356,315,394,337,276,337,350,357,501,1665,40,1625
1000429,진흥로12길,5827,2861,2966,694,800,906,907,977,1543,353,410,483,484,470,661,341,390,423,423,507,882,2851,0,2851
1000428,증산서길,820,426,394,123,100,117,125,131,224,64,58,62,74,66,102,59,42,55,51,65,122,337,107,230
1000427,증산로9길,2718,1329,1389,369,359,393,416,456,725,187,179,208,208,215,332,182,180,185,208,241,393,1146,40,1106
1000426,증산로5길,2741,1332,1409,373,342,325,417,467,817,189,184,160,198,223,378,184,158,165,219,244,439,1215,82,1133
1000425,증산로21길,5296,2567,2729,723,780,880,828,832,1253,361,400,463,412,380,551,362,380,417,416,452,702,2292,155,2137
1000424,증산로17길,2058,984,1074,267,287,308,311,322,563,134,134,161,157,152,246,133,153,147,154,170,317,937,57,880
1000423,증산로15길,2500,1250,1250,314,302,354,412,427,691,164,154,181,227,216,308,150,148,173,185,211,383,1156,151,1005
1000422,증산로13길,1994,1013,981,208,268,226,283,418,591,107,136,121,150,215,284,101,132,105,133,203,307,931,0,931
1000421,응암로34길,2889,1410,1479,504,354,424,515,446,646,268,174,202,267,214,285,236,180,222,248,232,361,1210,0,1210
1000420,응암로22길,1922,935,987,228,238,227,287,343,599,114,137,113,154,168,249,114,101,114,133,175,350,936,19,917
1000419,응암로14길,2596,1320,1276,361,296,405,444,414,676,189,166,210,236,233,286,172,130,195,208,181,390,1175,0,1175
1000418,응암로13길,1836,895,941,186,278,324,285,273,490,99,135,172,134,138,217,87,143,152,151,135,273,977,0,977
1000417,응암로12길,1496,753,743,183,193,135,218,280,487,101,106,77,117,130,222,82,87,58,101,150,265,723,0,723
1000416,은평로8길,3512,1689,1823,629,450,679,620,446,688,329,219,321,311,205,304,300,231,358,309,241,384,1579,103,1476
1000415,은평로3길,2300,1073,1227,364,305,371,382,359,519,185,144,183,187,163,211,179,161,188,195,196,308,993,0,993
1000414,은평로20길,295,141,154,28,39,35,48,63,82,17,24,15,22,30,33,11,15,20,26,33,49,136,0,136
1000413,은평로13길,3276,1560,1716,512,371,496,559,523,815,251,185,247,258,250,369,261,186,249,301,273,446,1400,0,1400
1000412,은평로10길,2950,1467,1483,476,358,412,508,494,702,268,189,218,253,238,301,208,169,194,255,256,401,1239,65,1174
1000411,연서로5길,2643,1234,1409,427,368,413,452,428,555,206,160,214,208,203,243,221,208,199,244,225,312,1114,61,1053
1000410,연서로41길,3959,1922,2037,493,489,527,670,689,1091,247,248,269,351,322,485,246,241,258,319,367,606,1854,41,1813
1000409,연서로3길,3678,1723,1955,636,509,639,585,550,759,305,249,298,298,250,323,331,260,341,287,300,436,1517,31,1486
1000408,연서로34길,3000,1421,1579,392,395,487,420,488,818,188,199,260,211,220,343,204,196,227,209,268,475,1347,0,1347
1000407,연서로33길,2073,1005,1068,209,282,264,287,339,692,109,144,149,139,160,304,100,138,115,148,179,388,999,0,999
1000406,연서로29길,1065,498,567,128,180,216,160,151,230,71,69,112,74,70,102,57,111,104,86,81,128,508,0,508
1000405,연서로28길,3669,1727,1942,380,664,648,534,566,877,174,320,326,258,262,387,206,344,322,276,304,490,1927,28,1899
1000404,연서로27길,2937,1375,1562,338,446,463,488,496,706,164,200,244,230,231,306,174,246,219,258,265,400,1437,0,1437
1000403,연서로21길,4250,2017,2233,703,601,692,734,627,893,351,283,355,351,279,398,352,318,337,383,348,495,1782,0,1782
1000402,연서로17길,2252,1068,1184,315,325,334,372,402,504,152,152,172,175,192,225,163,173,162,197,210,279,990,0,990
1000401,연서로16길,4663,2203,2460,698,632,684,786,772,1091,344,307,333,388,349,482,354,325,351,398,423,609,1996,21,1975
1000400,연서로13길,3952,1860,2092,621,583,589,663,642,854,307,275,297,309,300,372,314,308,292,354,342,482,1601,0,1601
1000399,연서로11길,3920,1858,2062,664,561,654,630,618,793,330,262,328,285,294,359,334,299,326,345,324,434,1507,31,1476
1000398,역말로9길,5545,2660,2885,789,727,864,932,901,1332,383,356,442,473,430,576,406,371,422,459,471,756,2523,0,2523
1000397,수색로18길,1060,528,532,106,135,108,164,202,345,62,69,62,86,106,143,44,66,46,78,96,202,530,25,505
1000396,서오릉로8길,2650,1243,1407,296,381,388,396,451,738,143,185,186,201,227,301,153,196,202,195,224,437,1316,0,1316
1000395,서오릉로21길,3994,1908,2086,617,536,572,635,650,984,301,273,299,306,290,439,316,263,273,329,360,545,1584,253,1331
1000394,불광천길,5214,2531,2683,623,700,775,850,858,1408,301,361,417,442,426,584,322,339,358,408,432,824,2632,36,2596
1000393,갈현로7길,2471,1196,1275,379,312,371,416,408,585,205,164,174,207,180,266,174,148,197,209,228,319,1018,18,1000
1000392,갈현로41길,3187,1564,1623,354,443,386,493,598,913,186,249,201,240,290,398,168,194,185,253,308,515,1526,0,1526
1000391,갈현로33길,3678,1769,1909,620,571,520,596,614,757,317,292,271,267,278,344,303,279,249,329,336,413,1546,192,1354
1000390,갈현로1길,2845,1379,1466,507,380,518,481,433,526,265,173,268,227,220,226,242,207,250,254,213,300,1094,157,937
1000389,가좌로7길,3671,1824,1847,496,501,450,548,678,998,270,264,252,262,339,437,226,237,198,286,339,561,1668,0,1668
1000388,한글비석로44길,3932,1969,1963,500,524,429,664,658,1157,247,286,243,339,329,525,253,238,186,325,329,632,1890,0,1890
1000387,한글비석로24길,2465,1255,1210,273,353,304,317,464,754,143,196,180,158,237,341,130,157,124,159,227,413,1208,0,1208
1000386,한글비석로22길,1815,926,889,327,251,193,304,328,412,164,135,92,155,173,207,163,116,101,149,155,205,715,442,273
1000385,석계로1길,2084,1078,1006,244,259,262,343,331,645,126,144,152,177,179,300,118,115,110,166,152,345,1005,254,751
1000384,상계로9가길,2597,1341,1256,295,362,324,394,466,756,166,177,189,210,245,354,129,185,135,184,221,402,1315,0,1315
1000383,상계로1길,1199,608,591,205,180,178,201,204,231,108,97,91,101,95,116,97,83,87,100,109,115,453,186,267
1000382,상계로12길,3570,1774,1796,423,631,408,539,660,909,217,313,236,285,322,401,206,318,172,254,338,508,1680,255,1425
1000381,동일로242길,2506,1237,1269,315,413,306,318,456,698,169,218,155,156,220,319,146,195,151,162,236,379,1044,75,969
1000380,동일로192길,2866,1493,1373,276,924,385,300,384,597,136,495,208,165,200,289,140,429,177,135,184,308,1736,63,1673
1000379,동일로173가길,3676,1852,1824,550,553,586,536,591,860,290,281,303,291,272,415,260,272,283,245,319,445,1528,447,1081
1000378,공릉로58길,1523,759,764,258,330,161,227,264,283,145,171,83,98,123,139,113,159,78,129,141,144,673,18,655
1000377,해등로16길,2245,1084,1161,316,356,296,342,445,490,165,181,150,154,203,231,151,175,146,188,242,259,943,322,621
1000376,우이천로4다길,2296,1156,1140,327,325,277,334,436,597,179,177,147,155,232,266,148,148,130,179,204,331,1047,64,983
1000375,우이천로32길,3035,1444,1591,497,404,413,517,469,735,244,201,202,252,224,321,253,203,211,265,245,414,1243,264,979
1000374,시루봉로23길,3560,1846,1714,381,484,393,549,700,1053,215,259,221,296,351,504,166,225,172,253,349,549,1684,0,1684
1000373,삼양로144길,972,455,517,130,192,126,143,133,248,77,56,64,74,69,115,53,136,62,69,64,133,506,0,506
1000372,방학로6가길,2117,1059,1058,230,298,248,320,450,571,111,154,134,170,234,256,119,144,114,150,216,315,1019,34,985
1000371,방학로5길,3932,1979,1953,546,526,584,538,694,1044,297,265,324,287,336,470,249,261,260,251,358,574,1793,40,1753
1000370,방학로15길,3828,1896,1932,812,502,435,704,671,704,409,272,217,322,332,344,403,230,218,382,339,360,1194,1086,108
1000369,방학로10길,1970,964,1006,288,265,256,314,363,484,148,139,138,152,174,213,140,126,118,162,189,271,820,0,820
1000368,도봉산길,1714,880,834,171,223,202,252,321,545,85,124,108,141,168,254,86,99,94,111,153,291,772,170,602
1000367,도봉산4길,373,197,176,20,45,54,49,83,122,11,24,33,30,49,50,9,21,21,19,34,72,215,0,215
1000366,도봉로181길,1957,995,962,236,239,229,270,353,630,121,136,138,142,174,284,115,103,91,128,179,346,881,0,881
1000365,도봉로169나길,3054,1550,1504,311,319,440,444,535,1005,166,152,245,243,259,485,145,167,195,201,276,520,1477,247,1230
1000364,도봉로156길,1411,761,650,144,169,153,207,294,444,62,89,91,128,169,222,82,80,62,79,125,222,721,0,721
1000363,도봉로152가길,692,370,322,47,88,80,65,166,246,24,57,50,38,90,111,23,31,30,27,76,135,381,0,381
1000362,도봉로147길,3517,1732,1785,400,489,420,492,686,1030,193,248,207,267,358,459,207,241,213,225,328,571,1795,0,1795
1000361,도봉로143길,1867,926,941,202,276,216,266,375,532,111,137,113,134,183,248,91,139,103,132,192,284,819,87,732
1000360,도봉로114길,4840,2323,2517,439,794,715,739,890,1263,205,389,360,380,433,556,234,405,355,359,457,707,2543,155,2388
1000359,도봉로109길,2315,1125,1190,274,353,391,340,349,608,134,182,197,174,163,275,140,171,194,166,186,333,1116,179,937
1000358,도당로29길,2901,1461,1440,298,396,353,455,511,888,144,207,186,237,265,422,154,189,167,218,246,466,1400,0,1400
1000357,도당로19길,3890,2034,1856,480,524,416,628,697,1145,263,292,226,332,392,529,217,232,190,296,305,616,1838,0,1838
1000356,도당로13바길,3472,1750,1722,507,497,432,544,652,840,271,263,241,266,332,377,236,234,191,278,320,463,1528,0,1528
1000355,도당로13가길,1613,835,778,160,209,186,256,330,472,89,108,111,135,166,226,71,101,75,121,164,246,782,0,782
1000354,덕릉로60길,2419,1196,1223,338,349,343,343,431,615,170,179,189,179,202,277,168,170,154,164,229,338,1102,0,1102
1000353,노해로63다길,1912,949,963,276,259,278,285,337,477,152,122,141,146,155,233,124,137,137,139,182,244,770,378,392
1000352,노해로60길,1796,871,925,151,338,336,254,303,414,80,140,172,134,143,202,71,198,164,120,160,212,992,125,867
1000351,한천로140길,1767,867,900,144,369,307,234,300,413,84,173,172,118,149,171,60,196,135,116,151,242,1012,0,1012
1000350,한천로139가길,1543,733,810,133,287,246,205,255,417,62,132,129,111,112,187,71,155,117,94,143,230,846,0,846
1000349,한천로132길,1823,897,926,186,356,322,281,252,426,95,167,173,137,119,206,91,189,149,144,133,220,1020,0,1020
1000348,한천로130길,3203,1627,1576,379,527,464,525,555,753,224,278,236,266,293,330,155,249,228,259,262,423,1630,0,1630
1000347,한천로124나길,1841,905,936,220,315,301,271,286,448,111,146,168,150,150,180,109,169,133,121,136,268,936,0,936
1000346,한천로109길,2984,1438,1546,541,402,372,513,491,665,278,205,182,244,213,316,263,197,190,269,278,349,1045,587,458
1000345,인수봉로79길,2696,1361,1335,368,330,311,435,509,743,191,168,173,225,254,350,177,162,138,210,255,393,1281,0,1281
1000344,인수봉로72길,3721,1786,1935,528,495,518,506,628,1046,255,253,281,240,296,461,273,242,237,266,332,585,1501,243,1258
1000343,인수봉로56길,1885,899,986,272,274,238,304,316,481,139,138,127,158,135,202,133,136,111,146,181,279,835,0,835
1000342,오패산로67길,2046,1008,1038,174,343,391,344,346,448,86,149,209,178,178,208,88,194,182,166,168,240,1192,29,1163
1000341,오패산로52길,2884,1425,1459,358,402,367,425,489,843,190,220,203,227,221,364,168,182,164,198,268,479,1269,0,1269
1000340,오패산로30길,1428,700,728,197,228,187,228,217,371,105,112,99,120,103,161,92,116,88,108,114,210,679,0,679
1000339,수유로12길,3271,1596,1675,319,613,532,468,508,831,161,272,291,254,244,374,158,341,241,214,264,457,1746,19,1727
1000338,솔샘로65길,2984,1461,1523,376,442,424,443,547,752,189,214,223,223,264,348,187,228,201,220,283,404,1336,0,1336
1000337,솔매로50길,2334,1086,1248,279,344,338,391,418,564,147,158,184,188,170,239,132,186,154,203,248,325,1096,0,1096
1000336,솔매로45길,2059,998,1061,213,334,269,294,382,567,126,143,137,148,185,259,87,191,132,146,197,308,1057,0,1057
1000335,솔매로41길,3089,1494,1595,338,482,430,439,557,843,179,233,237,219,262,364,159,249,193,220,295,479,1506,0,1506
1000334,삼양로93길,3209,1594,1615,457,422,403,492,563,872,249,213,222,248,266,396,208,209,181,244,297,476,1416,0,1416
1000333,삼양로77길,3122,1597,1525,407,406,445,440,523,901,217,237,239,235,260,409,190,169,206,205,263,492,1387,0,1387
1000332,삼양로54길,3768,1866,1902,431,513,559,563,701,1001,229,254,290,294,356,443,202,259,269,269,345,558,1795,0,1795
1000331,삼양로41길,4172,2091,2081,438,538,465,600,824,1307,222,279,260,323,441,566,216,259,205,277,383,741,2073,0,2073
1000330,삼양로27길,1343,656,687,309,129,219,295,186,205,158,64,101,148,94,91,151,65,118,147,92,114,483,394,89
1000329,삼양로24길,3069,1535,1534,285,344,369,408,589,1074,141,178,210,214,300,492,144,166,159,194,289,582,1582,158,1424
1000328,삼양로20길,2128,1084,1044,243,315,220,319,426,605,129,183,125,167,211,269,114,132,95,152,215,336,1032,0,1032
1000327,삼각산로28길,3869,1859,2010,406,691,645,543,650,934,205,335,340,270,300,409,201,356,305,273,350,525,1851,0,1851
1000326,도봉로99길,2302,1140,1162,214,429,355,336,414,554,108,223,198,171,204,236,106,206,157,165,210,318,1179,0,1179
1000325,도봉로8길,250,126,124,17,28,42,50,48,65,8,16,25,29,26,22,9,12,17,21,22,43,150,0,150
1000324,도봉로76길,3459,1559,1900,307,734,542,468,552,856,132,237,292,239,271,388,175,497,250,229,281,468,2035,84,1951
1000323,도봉로67길,1692,823,869,182,239,246,222,285,518,97,113,134,114,136,229,85,126,112,108,149,289,876,0,876
1000322,도봉로45길,3419,1668,1751,378,543,522,558,571,847,186,254,282,290,259,397,192,289,240,268,312,450,1733,0,1733
1000321,도봉로18길,2954,1458,1496,342,368,411,448,550,835,171,183,243,228,267,366,171,185,168,220,283,469,1357,0,1357
1000320,도봉로13길,1658,830,828,173,243,203,226,314,499,86,141,118,115,156,214,87,102,85,111,158,285,796,0,796
1000319,덕릉로41길,2702,1312,1390,185,536,427,425,436,693,91,235,224,227,221,314,94,301,203,198,215,379,1624,0,1624
1000318,덕릉로40길,2213,1098,1115,323,321,311,366,380,512,181,145,148,202,188,234,142,176,163,164,192,278,949,0,949
1000317,노해로33길,2646,1298,1348,334,355,384,401,450,722,177,198,201,200,215,307,157,157,183,201,235,415,1198,0,1198
1000316,노해로23길,1392,674,718,199,193,200,232,241,327,99,100,106,121,96,152,100,93,94,111,145,175,593,0,593
1000315,노해로17길,2608,1309,1299,292,421,356,402,476,661,146,215,199,212,239,298,146,206,157,190,237,363,1222,0,1222
1000314,화랑로40길,2099,1076,1023,246,279,306,367,397,504,126,141,168,190,209,242,120,138,138,177,188,262,1092,0,1092
1000313,화랑로32길,3330,1655,1675,366,526,414,515,592,917,204,268,211,272,291,409,162,258,203,243,301,508,1662,0,1662
1000312,화랑로1길,2928,1490,1438,366,365,421,481,482,813,201,174,228,265,251,371,165,191,193,216,231,442,1319,41,1278
1000311,화랑로19길,2315,1175,1140,288,287,269,350,445,676,148,156,142,182,230,317,140,131,127,168,215,359,1010,0,1010
1000310,화랑로14길,1356,692,664,131,318,201,191,214,301,64,172,115,112,104,125,67,146,86,79,110,176,715,0,715
1000309,화랑로13길,1269,550,719,128,342,189,148,184,278,62,105,95,70,89,129,66,237,94,78,95,149,693,0,693
1000308,한천로76길,2191,1065,1126,266,327,305,317,419,557,132,163,153,164,194,259,134,164,152,153,225,298,1003,114,889
1000307,한천로101가길,1210,609,601,264,133,152,233,204,224,122,76,77,116,112,106,142,57,75,117,92,118,446,209,237
1000306,창경궁로43길,1304,587,717,131,326,250,168,186,243,61,151,110,82,87,96,70,175,140,86,99,147,760,0,760
1000305,지봉로20길,2763,1395,1368,290,507,447,424,458,637,152,254,250,224,230,285,138,253,197,200,228,352,1387,0,1387
1000304,종암로5길,2400,1321,1079,247,784,403,264,261,441,119,486,238,141,144,193,128,298,165,123,117,248,1461,84,1377
1000303,종암로24가길,2236,1105,1131,386,248,402,356,329,515,196,140,198,182,169,220,190,108,204,174,160,295,922,452,470
1000302,종암로21길,1689,831,858,293,260,268,289,245,334,147,130,131,154,120,149,146,130,137,135,125,185,712,212,500
1000301,종암로19길,1938,949,989,271,277,291,301,322,476,130,148,152,145,161,213,141,129,139,156,161,263,849,165,684
1000300,종암로16길,3335,1600,1735,368,409,403,477,572,1106,223,201,206,224,285,461,145,208,197,253,287,645,1818,85,1733
1000299,정릉로8길,1799,950,849,204,393,249,218,258,477,115,235,144,118,138,200,89,158,105,100,120,277,994,62,932
1000298,정릉로27길,3472,1704,1768,541,448,482,542,536,923,294,235,253,253,271,398,247,213,229,289,265,525,1466,0,1466
1000297,정릉로26길,1872,913,959,289,189,228,343,286,537,144,102,114,171,144,238,145,87,114,172,142,299,826,0,826
1000296,장위로50길,267,142,125,30,28,28,49,55,77,13,12,15,29,33,40,17,16,13,20,22,37,153,0,153
1000295,장월로1길,2053,952,1101,229,459,266,261,305,533,106,170,144,142,158,232,123,289,122,119,147,301,1121,268,853
1000294,인촌로6길,987,496,491,155,145,157,184,138,208,80,81,78,93,69,95,75,64,79,91,69,113,443,0,443
1000293,인촌로5길,1509,668,841,126,522,245,171,163,282,62,199,122,81,82,122,64,323,123,90,81,160,938,0,938
1000292,인촌로24길,701,410,291,49,285,104,73,70,120,24,173,68,46,40,59,25,112,36,27,30,61,504,0,504
1000291,개운사길,1012,491,521,74,554,123,68,62,131,39,268,73,31,31,49,35,286,50,37,31,82,789,0,789
1000290,인촌로1길,991,477,514,78,229,160,135,154,235,37,99,79,79,81,102,41,130,81,56,73,133,605,0,605
1000289,인촌로17가길,1621,824,797,155,541,232,216,185,292,84,300,113,108,92,127,71,241,119,108,93,165,983,0,983
1000288,오패산로4길,3008,1454,1554,341,607,377,430,490,763,154,264,205,237,251,343,187,343,172,193,239,420,1497,0,1497
1000287,오패산로3길,3327,1631,1696,454,392,436,470,556,1019,215,204,241,257,253,461,239,188,195,213,303,558,1439,342,1097
1000286,오패산로19길,1677,834,843,164,217,198,265,304,529,83,116,101,136,159,239,81,101,97,129,145,290,838,0,838
1000285,안암로5길,2233,1124,1109,248,450,390,358,340,447,133,242,210,185,169,185,115,208,180,173,171,262,1174,0,1174
1000284,아리랑로4길,3084,1370,1714,267,833,610,374,364,636,135,323,289,174,175,274,132,510,321,200,189,362,1811,0,1811
1000283,솔샘로6길,1989,988,1001,263,340,259,276,298,553,141,182,136,133,159,237,122,158,123,143,139,316,893,0,893
1000282,성북로8길,1640,802,838,283,234,257,279,266,321,151,119,126,134,133,139,132,115,131,145,133,182,644,95,549
1000281,삼양로8길,742,349,393,83,86,97,115,122,239,40,41,48,59,64,97,43,45,49,56,58,142,374,0,374
1000280,삼선교로16가길,1760,890,870,237,267,236,264,302,454,123,150,133,136,152,196,114,117,103,128,150,258,847,0,847
1000279,삼선교로10다길,2290,1144,1146,234,422,352,340,361,581,118,227,192,177,169,261,116,195,160,163,192,320,1198,0,1198
1000278,삼선교로10길,2342,1083,1259,260,486,378,328,327,563,129,234,181,156,138,245,131,252,197,172,189,318,1207,0,1207
1000277,보문로32길,1295,433,862,71,515,294,128,107,180,26,104,128,57,44,74,45,411,166,71,63,106,927,0,927
1000276,보문로31길,2921,1328,1593,358,647,518,414,392,592,183,280,244,195,182,244,175,367,274,219,210,348,1578,0,1578
1000275,보문로26길,1517,731,786,125,403,235,181,223,350,69,191,121,93,118,139,56,212,114,88,105,211,947,0,947
1000274,보문로13길,2355,1144,1211,213,392,365,372,401,612,113,193,200,185,180,273,100,199,165,187,221,339,1264,0,1264
1000273,보국문로16길,2961,1468,1493,437,423,421,459,482,739,234,221,218,245,231,319,203,202,203,214,251,420,1236,0,1236
1000272,동소문로6길,278,131,147,27,35,36,35,52,93,15,18,18,16,27,37,12,17,18,19,25,56,146,0,146
1000271,동소문로2길,374,195,179,35,58,43,58,63,117,21,31,24,32,31,56,14,27,19,26,32,61,215,0,215
1000270,동소문로26가길,2278,897,1381,149,708,385,299,233,504,61,198,170,142,108,218,88,510,215,157,125,286,1530,0,1530
1000269,동소문로15길,1084,460,624,127,293,190,146,132,196,68,100,88,66,61,77,59,193,102,80,71,119,622,0,622
1000268,동소문로13길,2936,1331,1605,495,556,412,455,434,584,244,233,195,207,203,249,251,323,217,248,231,335,1299,392,907
1000267,돌곶이로8길,1332,676,656,144,162,159,165,267,435,76,87,83,95,133,202,68,75,76,70,134,233,628,0,628
1000266,돌곶이로41길,1915,957,958,263,243,270,293,339,507,142,127,154,141,171,222,121,116,116,152,168,285,839,0,839
1000265,돌곶이로28길,1015,553,462,120,128,118,166,210,273,67,64,60,91,124,147,53,64,58,75,86,126,488,97,391
1000264,돌곶이로27길,2740,1388,1352,303,334,311,437,513,842,157,189,168,227,264,383,146,145,143,210,249,459,1270,0,1270
1000263,돌곶이로22길,1179,587,592,144,186,160,181,210,298,66,89,91,87,103,151,78,97,69,94,107,147,606,0,606
1000262,돌곶이로14길,1295,651,644,155,170,150,201,241,378,92,74,76,108,126,175,63,96,74,93,115,203,587,0,587
1000261,길음로7길,275,139,136,15,22,25,33,44,136,8,11,14,19,25,62,7,11,11,14,19,74,172,0,172
1000260,중랑천로10길,2611,1315,1296,312,353,380,428,494,644,155,177,206,226,251,300,157,176,174,202,243,344,1290,82,1208
1000259,용마산로94길,3451,1778,1673,438,492,447,501,693,880,213,273,254,273,340,425,225,219,193,228,353,455,1590,107,1483
1000258,용마산로118길,1978,1036,942,171,228,225,283,439,632,84,115,132,153,245,307,87,113,93,130,194,325,1187,0,1187
1000257,용마산로112길,2287,1161,1126,272,321,270,316,455,653,127,171,148,163,240,312,145,150,122,153,215,341,1070,30,1040
1000256,용마산로100길,3066,1549,1517,456,421,417,494,553,725,229,224,216,235,310,335,227,197,201,259,243,390,1396,0,1396
1000255,신내로7가길,3756,1826,1930,777,521,571,508,645,734,399,263,260,276,295,333,378,258,311,232,350,401,1350,484,866
1000254,사가정로54길,3180,1581,1599,304,505,551,501,525,794,174,245,291,278,244,349,130,260,260,223,281,445,1751,0,1751
1000253,사가정로42길,3131,1534,1597,426,438,452,456,567,792,203,228,219,235,261,388,223,210,233,221,306,404,1341,535,806
1000252,봉화산로56길,3893,1907,1986,691,512,557,632,676,825,348,274,291,312,320,362,343,238,266,320,356,463,1458,399,1059
1000251,봉화산로4길,4652,2474,2178,442,613,687,707,954,1249,246,322,380,395,523,608,196,291,307,312,431,641,2410,0,2410
1000250,봉화산로30길,3219,1629,1590,421,522,547,453,555,721,228,257,291,237,286,330,193,265,256,216,269,391,1537,0,1537
1000249,봉우재로33길,2159,1037,1122,174,454,511,272,324,424,81,188,275,140,151,202,93,266,236,132,173,222,1222,0,1222
1000248,면목로78길,5399,2673,2726,648,808,814,790,1001,1338,320,404,456,408,495,590,328,404,358,382,506,748,2640,22,2618
1000247,면목로56길,2848,1448,1400,324,429,391,428,609,667,171,238,218,214,295,312,153,191,173,214,314,355,1367,0,1367
1000246,면목로55길,1994,1014,980,298,283,301,339,366,407,151,143,151,185,190,194,147,140,150,154,176,213,940,0,940
1000245,면목로49길,2887,1455,1432,284,353,503,467,509,771,166,157,277,257,244,354,118,196,226,210,265,417,1614,0,1614
1000244,면목로48길,3095,1490,1605,373,485,551,473,531,682,187,222,288,243,247,303,186,263,263,230,284,379,1529,0,1529
1000243,면목로45길,1356,684,672,114,224,190,217,251,360,55,117,95,119,136,162,59,107,95,98,115,198,728,0,728
1000242,면목로33길,2668,1356,1312,410,357,381,451,447,622,220,181,199,233,248,275,190,176,182,218,199,347,1231,0,1231
1000241,면목로21길,1920,971,949,252,271,295,327,334,441,132,146,151,179,167,196,120,125,144,148,167,245,884,0,884
1000240,망우로73길,1447,780,667,170,186,154,222,292,423,86,114,87,123,153,217,84,72,67,99,139,206,739,0,739
1000239,망우로68길,2371,1219,1152,289,355,339,325,473,590,151,194,186,163,232,293,138,161,153,162,241,297,1154,0,1154
1000238,동일로163길,3673,1839,1834,480,528,698,535,636,796,239,254,392,263,324,367,241,274,306,272,312,429,1838,0,1838
1000237,동일로157길,2697,1341,1356,261,467,500,392,460,617,132,212,277,212,237,271,129,255,223,180,223,346,1470,0,1470
1000236,동일로149길,3015,1486,1529,438,446,512,465,506,648,229,224,268,232,247,286,209,222,244,233,259,362,1362,0,1362
1000235,동일로140길,2426,1269,1157,322,354,421,330,428,571,189,198,219,187,219,257,133,156,202,143,209,314,1089,0,1089
1000234,동일로139길,2839,1444,1395,232,365,386,414,618,824,115,182,209,216,326,396,117,183,177,198,292,428,1555,0,1555
1000233,동일로139가길,1752,897,855,222,264,259,234,354,419,115,135,139,123,179,206,107,129,120,111,175,213,762,110,652
1000232,동일로130길,3433,1649,1784,480,552,547,471,635,748,228,282,271,240,297,331,252,270,276,231,338,417,1547,0,1547
1000231,동일로123길,2694,1353,1341,263,400,376,379,581,695,151,200,195,189,297,321,112,200,181,190,284,374,1422,0,1422
1000230,동일로112길,4319,2131,2188,389,786,836,615,784,909,212,373,420,323,377,426,177,413,416,292,407,483,2378,0,2378
1000229,동일로101길,3029,1496,1533,460,401,365,534,574,695,204,201,197,276,298,320,256,200,168,258,276,375,1366,146,1220
1000228,동일로100길,5044,2557,2487,612,787,762,699,988,1196,316,393,422,357,497,572,296,394,340,342,491,624,2339,59,2280
1000227,답십리로75길,1960,969,991,258,288,302,301,386,425,132,136,166,146,198,191,126,152,136,155,188,234,917,19,898
1000226,공릉로2길,4220,2043,2177,503,624,775,642,624,1052,259,307,384,327,289,477,244,317,391,315,335,575,2034,364,1670
1000225,공릉로12가길,1419,708,711,298,183,201,249,213,275,155,106,102,122,101,122,143,77,99,127,112,153,565,127,438
1000224,겸재로54길,5220,2623,2597,671,823,877,792,967,1090,342,434,459,409,479,500,329,389,418,383,488,590,2377,109,2268
1000223,겸재로36길,4285,2092,2193,450,633,660,709,793,1040,228,291,340,352,398,483,222,342,320,357,395,557,2387,0,2387
1000222,겸재로29길,2290,1175,1115,233,356,368,343,430,560,121,184,195,192,224,259,112,172,173,151,206,301,1242,196,1046
1000221,휘경로3길,2597,1285,1312,231,463,392,383,468,660,115,230,208,211,246,275,116,233,184,172,222,385,1442,0,1442
1000220,휘경로2길,1304,673,631,113,374,206,162,174,275,52,187,129,94,88,123,61,187,77,68,86,152,788,0,788
1000219,휘경로23길,2534,1247,1287,222,310,350,436,414,802,106,171,190,237,222,321,116,139,160,199,192,481,1491,0,1491
1000218,휘경로14길,1974,1025,949,151,299,253,313,382,576,78,164,140,181,198,264,73,135,113,132,184,312,1099,0,1099
1000217,한천로46길,2386,1150,1236,429,278,315,429,391,544,213,127,175,193,195,247,216,151,140,236,196,297,922,421,501
1000216,한천로40길,1844,926,918,187,240,208,293,348,568,90,130,110,155,185,256,97,110,98,138,163,312,985,0,985
1000215,한천로33길,872,424,448,123,122,121,153,161,192,64,54,55,83,78,90,59,68,66,70,83,102,390,0,390
1000214,한천로14길,3130,1634,1496,318,368,415,493,649,887,170,191,221,275,354,423,148,177,194,218,295,464,1674,44,1630
1000213,천호대로97길,2761,1420,1341,409,429,507,470,393,553,216,216,270,251,190,277,193,213,237,219,203,276,1224,418,806
1000212,천호대로77길,2360,1225,1135,288,356,379,364,423,550,149,195,212,184,203,282,139,161,167,180,220,268,1023,93,930
1000211,천호대로45길,2583,1359,1224,240,398,389,337,421,798,124,217,223,196,219,380,116,181,166,141,202,418,1346,0,1346
1000210,천호대로17길,2859,1413,1446,243,606,564,416,433,597,130,274,303,222,229,255,113,332,261,194,204,342,1712,35,1677
1000209,천호대로12길,207,117,90,26,25,23,37,45,51,13,14,13,25,25,27,13,11,10,12,20,24,104,0,104
1000208,천장산로7길,1387,700,687,131,764,146,92,83,171,53,403,82,46,37,79,78,361,64,46,46,92,1051,0,1051
1000207,제기로5길,1016,559,457,62,214,155,140,155,290,35,122,97,85,90,130,27,92,58,55,65,160,656,0,656
1000206,제기로21길,3144,1599,1545,279,310,330,409,546,1270,137,172,201,219,287,583,142,138,129,190,259,687,1832,0,1832
1000205,전농로4길,1473,768,705,119,183,145,242,322,462,68,103,76,134,176,211,51,80,69,108,146,251,872,0,872
1000204,전농로3길,1649,830,819,212,244,172,263,311,447,116,129,94,126,155,210,96,115,78,137,156,237,776,0,776
1000203,전농로29길,1970,978,992,231,278,225,284,379,573,116,162,129,142,186,243,115,116,96,142,193,330,972,0,972
1000202,장한로8길,2291,1145,1146,320,334,400,336,398,503,170,171,201,163,191,249,150,163,199,173,207,254,960,162,798
1000201,장한로5길,2085,1041,1044,298,304,349,309,357,468,161,147,185,164,171,213,137,157,164,145,186,255,910,305,605
1000200,장한로27길,932,501,431,101,110,146,155,187,233,55,62,78,87,100,119,46,48,68,68,87,114,497,25,472
1000199,장한로27가길,974,476,498,121,131,124,152,173,273,55,71,59,76,92,123,66,60,65,76,81,150,446,0,446
1000198,장한로26길,2624,1290,1334,505,287,371,512,359,590,258,145,165,272,175,275,247,142,206,240,184,315,981,293,688
1000197,장한로26가길,1417,703,714,203,210,298,221,200,285,97,93,156,120,93,144,106,117,142,101,107,141,674,313,361
1000196,장한로25길,602,307,295,77,80,113,77,114,141,42,46,64,39,53,63,35,34,49,38,61,78,271,0,271
1000195,장한로14길,1457,746,711,252,168,233,243,199,362,135,90,120,134,97,170,117,78,113,109,102,192,538,140,398
1000194,이문로42길,3339,1700,1639,384,552,453,488,549,913,208,275,263,254,283,417,176,277,190,234,266,496,1676,0,1676
1000193,왕산로43길,3473,1786,1687,360,398,457,521,666,1071,187,224,243,296,365,471,173,174,214,225,301,600,1898,310,1588
1000192,왕산로33길,627,313,314,40,65,67,73,105,277,17,32,37,39,57,131,23,33,30,34,48,146,363,0,363
1000191,왕산로32길,1076,566,510,68,185,160,138,188,337,31,98,86,87,107,157,37,87,74,51,81,180,632,0,632
1000190,약령시로17길,1564,820,744,98,183,173,197,286,627,54,97,100,124,168,277,44,86,73,73,118,350,927,0,927
1000189,서울시립대로4길,2393,1211,1182,384,303,428,402,348,528,208,142,223,213,184,241,176,161,205,189,164,287,1115,114,1001
1000188,서울시립대로29길,4149,2109,2040,425,1124,622,440,551,987,228,601,359,248,254,419,197,523,263,192,297,568,2336,0,2336
1000187,서울시립대로16길,3392,1662,1730,413,561,382,501,667,868,208,284,217,258,316,379,205,277,165,243,351,489,1494,437,1057
1000186,사가정로2길,1821,891,930,249,253,282,293,316,428,123,139,137,148,160,184,126,114,145,145,156,244,860,155,705
1000185,사가정로23가길,2021,977,1044,318,282,272,324,352,473,156,145,143,155,159,219,162,137,129,169,193,254,780,150,630
1000184,사가정로13길,2001,978,1023,205,275,252,254,405,610,98,148,136,129,202,265,107,127,116,125,203,345,1006,0,1006
1000183,무학로45길,1054,620,434,94,326,178,117,135,204,46,219,118,66,76,95,48,107,60,51,59,109,667,0,667
1000182,무학로16길,1368,702,666,158,184,186,205,267,368,76,112,105,112,125,172,82,72,81,93,142,196,635,0,635
1000181,망우로21길,559,285,274,76,87,73,72,90,161,39,41,43,35,43,84,37,46,30,37,47,77,252,107,145
1000180,망우로18길,1556,765,791,163,550,216,187,163,277,78,270,115,100,80,122,85,280,101,87,83,155,955,0,955
1000179,망우로18가길,2586,1346,1240,228,890,331,256,317,564,115,504,195,137,140,255,113,386,136,119,177,309,1557,0,1557
1000178,답십리로72길,1142,558,584,156,161,223,168,192,242,76,82,106,89,90,115,80,79,117,79,102,127,530,22,508
1000177,답십리로69길,1795,946,849,309,195,314,292,275,410,172,107,165,157,136,209,137,88,149,135,139,201,711,267,444
1000176,답십리로68길,3318,1714,1604,385,485,730,579,557,582,223,246,400,304,276,265,162,239,330,275,281,317,1652,0,1652
1000175,답십리로64길,2831,1412,1419,352,366,449,451,538,675,178,185,249,236,270,294,174,181,200,215,268,381,1384,35,1349
1000174,답십리로63길,1374,706,668,153,191,188,217,248,377,70,103,115,115,125,178,83,88,73,102,123,199,656,0,656
1000173,답십리로60길,1715,880,835,203,233,225,246,332,476,104,122,127,133,167,227,99,111,98,113,165,249,790,140,650
1000172,답십리로56길,3636,1799,1837,416,455,466,574,670,1055,201,249,253,299,332,465,215,206,213,275,338,590,1729,451,1278
1000171,답십리로23길,2334,1151,1183,300,366,335,344,407,582,172,178,163,182,196,260,128,188,172,162,211,322,1113,89,1024
1000170,난계로30길,214,127,87,20,29,32,35,31,67,13,15,20,20,18,41,7,14,12,15,13,26,111,0,111
1000169,경희대로4길,1245,634,611,119,429,169,155,142,231,55,228,97,79,70,105,64,201,72,76,72,126,779,0,779
1000168,경희대로3길,601,283,318,42,228,108,61,57,105,19,99,56,28,34,47,23,129,52,33,23,58,414,0,414
1000167,천호대로129길,3330,1600,1730,485,503,549,513,558,722,247,246,275,255,254,323,238,257,274,258,304,399,1369,22,1347
1000166,천호대로123길,3065,1474,1591,454,489,536,460,545,581,241,233,262,227,248,263,213,256,274,233,297,318,1315,0,1315
1000165,천호대로109길,3559,1663,1896,408,688,729,502,554,678,207,281,344,242,267,322,201,407,385,260,287,356,1769,214,1555
1000164,자양번영로3길,3711,1870,1841,552,549,513,597,693,807,285,305,247,310,350,373,267,244,266,287,343,434,1626,150,1476
1000163,자양로53길,2772,1340,1432,397,374,457,386,508,650,208,174,222,187,246,303,189,200,235,199,262,347,1174,0,1174
1000162,자양로50길,4521,2199,2322,666,621,696,697,763,1078,356,330,356,337,344,476,310,291,340,360,419,602,1924,17,1907
1000161,자양로45길,2530,1204,1326,283,406,431,387,465,558,155,190,196,193,215,255,128,216,235,194,250,303,1140,0,1140
1000160,자양로26길,3052,1455,1597,365,626,550,494,495,522,187,277,273,239,239,240,178,349,277,255,256,282,1482,58,1424
1000159,자양로15길,1886,846,1040,209,351,316,269,301,440,106,151,133,118,145,193,103,200,183,151,156,247,968,0,968
1000158,자양로11길,3832,1873,1959,399,619,701,552,671,890,194,309,369,279,321,401,205,310,332,273,350,489,2055,0,2055
1000157,용마산로3길,3903,1902,2001,642,619,773,592,583,694,357,305,366,291,271,312,285,314,407,301,312,382,1715,39,1676
1000156,용마산로21길,5416,2681,2735,701,879,989,772,981,1094,349,438,525,376,484,509,352,441,464,396,497,585,2408,38,2370
1000155,아차산로78길,1476,708,768,215,198,331,216,211,305,112,95,151,109,98,143,103,103,180,107,113,162,639,201,438
1000154,아차산로65길,3001,1415,1586,593,445,457,541,433,532,274,220,217,255,207,242,319,225,240,286,226,290,1246,70,1176
1000153,아차산로55길,2877,1344,1533,248,639,636,387,403,564,132,305,310,198,160,239,116,334,326,189,243,325,1517,0,1517
1000152,아차산로51길,1779,832,947,167,472,396,216,257,271,85,199,192,101,131,124,82,273,204,115,126,147,1013,0,1013
1000151,아차산로40길,3042,1494,1548,398,561,533,444,493,613,206,274,263,226,252,273,192,287,270,218,241,340,1406,46,1360
1000150,면목로17길,4210,2099,2111,429,614,743,598,799,1027,215,321,401,297,390,475,214,293,342,301,409,552,2155,0,2155
1000149,뚝섬로64길,2935,1471,1464,407,507,475,435,503,608,223,251,252,208,241,296,184,256,223,227,262,312,1293,0,1293
1000148,뚝섬로58길,3603,1730,1873,609,532,642,592,538,690,311,254,324,271,256,314,298,278,318,321,282,376,1455,33,1422
1000147,뚝섬로54길,3665,1805,1860,664,526,665,665,567,578,344,270,337,313,273,268,320,256,328,352,294,310,1461,30,1431
1000146,뚝섬로48길,3659,1781,1878,475,580,718,589,582,715,244,281,352,299,279,326,231,299,366,290,303,389,1696,0,1696
1000145,뚝섬로24길,2990,1508,1482,328,419,489,451,564,739,165,216,275,223,288,341,163,203,214,228,276,398,1476,0,1476
1000144,뚝섬로23길,1914,941,973,218,264,295,286,354,497,103,133,154,156,179,216,115,131,141,130,175,281,989,88,901
1000143,동일로24길,2973,1440,1533,233,928,608,354,348,502,124,399,319,196,171,231,109,529,289,158,177,271,1849,169,1680
1000142,동일로18길,1845,958,887,154,326,320,267,335,443,77,165,177,144,191,204,77,161,143,123,144,239,1058,0,1058
1000141,능동로4길,3013,1483,1530,639,399,471,543,502,459,329,199,218,267,246,224,310,200,253,276,256,235,1071,389,682
1000140,능동로3길,3639,1812,1827,348,460,523,516,724,1068,167,242,263,278,367,495,181,218,260,238,357,573,1901,205,1696
1000139,능동로34길,5108,2347,2761,579,941,1245,747,653,943,301,388,563,374,303,418,278,553,682,373,350,525,2702,0,2702
1000138,능동로19길,2317,1125,1192,96,887,399,241,274,420,35,383,208,142,168,189,61,504,191,99,106,231,1847,0,1847
1000137,능동로13길,3647,1728,1919,217,1418,717,352,387,556,112,615,373,186,201,241,105,803,344,166,186,315,2530,0,2530
1000136,긴고랑로9길,2083,1048,1035,246,339,368,305,354,471,133,161,197,161,175,221,113,178,171,144,179,250,986,0,986
1000135,긴고랑로8길,4150,2091,2059,408,684,870,596,695,897,236,327,455,315,334,424,172,357,415,281,361,473,2086,20,2066
1000134,긴고랑로7길,4756,2316,2440,668,701,723,794,837,1033,338,338,365,398,407,470,330,363,358,396,430,563,2222,31,2191
1000133,긴고랑로20길,4137,1973,2164,518,675,736,620,707,881,272,316,359,304,320,402,246,359,377,316,387,479,1997,0,1997
1000132,광나루로52길,4356,2072,2284,586,734,831,712,661,832,275,361,408,353,312,363,311,373,423,359,349,469,2061,0,2061
1000131,광나루로40길,3897,1941,1956,425,700,802,612,532,826,205,343,429,317,283,364,220,357,373,295,249,462,1953,0,1953
1000130,광나루로37길,679,329,350,104,100,102,96,118,159,52,48,51,50,62,66,52,52,51,46,56,93,316,0,316
1000129,광나루로36길,2665,1284,1381,340,423,487,420,420,575,155,212,233,221,212,251,185,211,254,199,208,324,1367,0,1367
1000128,광나루로24길,1289,684,605,89,439,213,151,157,240,44,246,120,91,77,106,45,193,93,60,80,134,826,0,826
1000127,광나루로12길,2765,1353,1412,128,1460,607,220,167,183,57,636,338,132,95,95,71,824,269,88,72,88,2316,41,2275
1000126,한림말길,2107,976,1131,203,278,352,306,387,581,89,123,172,154,203,235,114,155,180,152,184,346,1019,700,319
1000125,한림말3길,922,437,485,117,133,175,149,119,229,58,58,84,77,58,102,59,75,91,72,61,127,488,57,431
1000124,청계천로10나길,2624,1338,1286,307,419,356,393,498,651,163,227,193,199,263,293,144,192,163,194,235,358,1221,0,1221
1000123,장터길,1949,943,1006,199,255,293,307,319,576,109,129,148,157,154,246,90,126,145,150,165,330,988,0,988
1000122,용답중앙길,2613,1350,1263,295,419,327,429,477,666,157,222,180,228,243,320,138,197,147,201,234,346,1232,0,1232
1000121,용답29길,3063,1536,1527,313,478,453,476,571,772,155,228,239,252,308,354,158,250,214,224,263,418,1613,0,1613
1000120,왕십리로6길,2259,1143,1116,310,344,385,405,315,500,173,174,192,202,159,243,137,170,193,203,156,257,1073,175,898
1000119,왕십리로31길,2870,1363,1507,319,528,488,446,421,668,149,231,249,233,209,292,170,297,239,213,212,376,1480,94,1386
1000118,왕십리로26길,2882,1438,1444,353,591,427,446,498,567,184,273,220,232,273,256,169,318,207,214,225,311,1485,0,1485
1000117,왕십리로21길,2417,1131,1286,306,478,368,398,380,487,150,216,188,194,178,205,156,262,180,204,202,282,1186,0,1186
1000116,왕십리로14길,1831,945,886,216,331,298,273,316,397,123,165,144,138,167,208,93,166,154,135,149,189,899,77,822
1000115,아차산로5길,1820,953,867,184,384,341,259,315,337,109,187,190,138,170,159,75,197,151,121,145,178,918,0,918
1000114,아차산로15길,429,249,180,7,149,161,52,31,29,3,56,104,43,24,19,4,93,57,9,7,10,397,0,397
1000113,아차산로11길,355,206,149,38,47,62,71,72,65,18,24,33,45,44,42,20,23,29,26,28,23,197,0,197
1000112,송정4가길,2678,1440,1238,276,473,382,368,553,626,140,256,207,213,311,313,136,217,175,155,242,313,1414,0,1414
1000111,송정12라길,1292,693,599,151,200,187,194,242,318,85,109,100,115,132,152,66,91,87,79,110,166,661,0,661
1000110,성수일로6길,624,355,269,69,120,84,110,127,114,32,64,45,63,84,67,37,56,39,47,43,47,370,0,370
1000109,성수이로7길,1289,695,594,107,300,236,172,223,251,56,137,141,98,128,135,51,163,95,74,95,116,778,26,752
1000108,성수이로18길,259,150,109,31,36,25,51,61,55,15,18,18,33,42,24,16,18,7,18,19,31,146,0,146
1000107,성덕정길,3209,1669,1540,390,540,417,491,702,669,203,299,232,243,397,295,187,241,185,248,305,374,1559,0,1559
1000106,성덕정17길,3526,1880,1646,377,481,476,528,762,902,194,255,259,297,445,430,183,226,217,231,317,472,1813,0,1813
1000105,서울숲2길,1793,895,898,233,287,355,286,278,354,113,158,181,152,137,154,120,129,174,134,141,200,880,54,826
1000104,상원길,1128,576,552,131,206,217,195,176,203,64,102,113,105,97,95,67,104,104,90,79,108,611,0,611
1000103,상원12길,2392,1211,1181,331,415,440,362,401,443,170,205,234,197,204,201,161,210,206,165,197,242,1131,442,689
1000102,사근동길,2405,1346,1059,169,967,304,213,252,500,82,614,185,119,124,222,87,353,119,94,128,278,1645,0,1645
1000101,무학봉길,2274,1137,1137,364,385,330,371,368,456,195,205,170,180,181,206,169,180,160,191,187,250,1002,251,751
1000100,무학봉28길,1004,463,541,77,225,158,145,177,222,35,96,77,76,92,87,42,129,81,69,85,135,596,0,596
1000099,무학로6길,1814,892,922,191,322,313,280,302,406,103,151,154,151,153,180,88,171,159,129,149,226,950,111,839
1000098,무수막길,2199,1053,1146,265,263,325,383,376,587,127,117,165,202,193,249,138,146,160,181,183,338,1175,0,1175
1000097,매봉길,5859,2768,3091,976,726,1508,953,808,888,501,353,675,475,368,396,475,373,833,478,440,492,2373,0,2373
1000096,마조로1길,1219,570,649,76,587,208,78,109,161,37,266,99,36,53,79,39,321,109,42,56,82,897,0,897
1000095,마조로16길,2709,1352,1357,317,409,336,395,462,790,169,195,169,211,241,367,148,214,167,184,221,423,1378,302,1076
1000094,마장로39길,1329,653,676,238,197,199,238,217,240,124,97,105,113,100,114,114,100,94,125,117,126,483,35,448
1000093,마장로27길,1827,916,911,230,300,288,254,302,453,131,152,143,141,146,203,99,148,145,113,156,250,875,0,875
1000092,뚝섬로5길,1831,889,942,266,286,351,301,304,323,119,141,166,145,175,143,147,145,185,156,129,180,914,87,827
1000091,둘레9길,2877,1548,1329,301,445,379,439,644,669,154,243,218,241,371,321,147,202,161,198,273,348,1502,0,1502
1000090,금호산길,3321,1647,1674,443,464,443,516,593,862,248,237,235,256,296,375,195,227,208,260,297,487,1433,109,1324
1000089,금호산2길,2321,1168,1153,291,363,320,326,401,620,162,207,173,165,196,265,129,156,147,161,205,355,1064,0,1064
1000088,고산자로6길,4112,1971,2141,235,687,841,381,1008,960,124,481,322,203,384,457,111,206,519,178,624,503,2059,14,2045
1000087,후암로28길,5621,2687,2934,873,785,927,950,868,1218,461,392,449,470,401,514,412,393,478,480,467,704,2665,12,2653
1000086,효창원로39길,3151,1495,1656,442,475,568,489,460,717,223,232,292,230,226,292,219,243,276,259,234,425,1496,48,1448
1000085,회나무로13길,2228,987,1241,189,272,337,351,353,726,96,144,155,165,152,275,93,128,182,186,201,451,1316,0,1316
1000084,한남대로20길,566,257,309,42,94,130,88,73,139,20,32,68,42,36,59,22,62,62,46,37,80,362,0,362
1000083,한강대로88길,109,84,25,3,6,11,24,28,37,2,4,8,17,26,27,1,2,3,7,2,10,101,0,101
1000082,한강대로7길,751,407,344,59,66,105,101,134,286,38,38,58,62,78,133,21,28,47,39,56,153,433,0,433
1000081,한강대로62길,901,457,444,81,123,148,111,167,271,49,64,80,58,87,119,32,59,68,53,80,152,542,0,542
1000080,한강대로52길,666,337,329,33,99,147,99,71,217,18,56,82,50,50,81,15,43,65,49,21,136,464,0,464
1000079,한강대로43길,1590,753,837,115,295,507,227,197,249,63,113,228,116,102,131,52,182,279,111,95,118,1025,0,1025
1000078,한강대로15길,474,253,221,32,55,68,78,84,157,16,35,45,47,43,67,16,20,23,31,41,90,279,0,279
1000077,한강대로104길,2701,1474,1227,277,363,408,431,539,683,155,176,200,263,338,342,122,187,208,168,201,341,1603,0,1603
1000076,청파로73길,2495,1272,1223,264,418,360,401,453,599,148,235,200,208,226,255,116,183,160,193,227,344,1309,0,1309
1000075,청파로71길,4221,2138,2083,546,753,693,671,687,871,286,407,393,337,329,386,260,346,300,334,358,485,1945,9,1936
1000074,청파로47나길,3109,1469,1640,374,729,651,451,391,513,204,266,342,225,196,236,170,463,309,226,195,277,1672,15,1657
1000073,청파로47길,1678,654,1024,146,580,272,198,170,312,69,153,122,81,89,140,77,427,150,117,81,172,1100,0,1100
1000072,장문로45길,2928,1394,1534,306,451,472,444,494,761,167,231,247,217,214,318,139,220,225,227,280,443,1421,0,1421
1000071,이태원로54길,2351,1033,1318,135,256,420,386,389,765,69,93,210,200,180,281,66,163,210,186,209,484,1633,0,1633
1000070,이태원로27길,636,314,322,52,106,125,93,81,179,24,53,75,48,40,74,28,53,50,45,41,105,339,0,339
1000069,이촌로22길,1812,866,946,180,178,224,276,333,621,100,91,125,149,164,237,80,87,99,127,169,384,936,228,708
1000068,원효로89길,1019,493,526,81,190,187,174,153,234,42,67,101,92,84,107,39,123,86,82,69,127,601,0,601
1000067,원효로53길,2331,1166,1165,238,398,489,325,333,548,122,203,266,179,167,229,116,195,223,146,166,319,1223,0,1223
1000066,원효로41길,1491,724,767,219,183,198,263,219,409,95,102,109,143,101,174,124,81,89,120,118,235,688,0,688
1000065,원효로19길,1866,903,963,256,325,312,287,283,403,130,158,155,143,136,181,126,167,157,144,147,222,834,38,796
1000064,우사단로4길,2302,1154,1148,220,412,373,338,380,579,119,241,205,168,176,245,101,171,168,170,204,334,1252,0,1252
1000063,우사단로14길,1235,631,604,111,162,273,210,183,296,58,84,153,115,86,135,53,78,120,95,97,161,717,46,671
1000062,우사단로10길,2666,1423,1243,223,429,492,409,451,662,126,264,290,224,244,275,97,165,202,185,207,387,1537,0,1537
1000061,신흥로20길,2708,1319,1389,379,376,446,419,397,691,202,192,239,212,181,293,177,184,207,207,216,398,1253,0,1253
1000060,소월로20길,2227,1069,1158,233,328,428,298,346,594,117,173,223,135,159,262,116,155,205,163,187,332,1120,0,1120
1000059,서빙고로71길,2522,1200,1322,284,318,286,391,460,783,141,154,150,201,235,319,143,164,136,190,225,464,1255,0,1255
1000058,백범로90길,4152,1979,2173,619,630,1076,694,530,603,314,237,505,361,252,310,305,393,571,333,278,293,2091,303,1788
1000057,백범로79길,4401,2058,2343,595,778,888,674,639,827,305,329,458,327,299,340,290,449,430,347,340,487,2001,16,1985
1000056,두텁바위로1길,3185,1705,1480,283,439,435,480,565,983,148,243,230,263,334,487,135,196,205,217,231,496,1926,0,1926
1000055,대사관로34길,1423,684,739,141,273,264,179,232,334,70,140,135,88,108,143,71,133,129,91,124,191,739,0,739
1000054,녹사평대로46길,850,432,418,99,151,166,128,102,204,52,96,80,65,52,87,47,55,86,63,50,117,455,0,455
1000053,녹사평대로40나길,771,358,413,101,125,144,121,89,191,41,55,76,64,41,81,60,70,68,57,48,110,394,0,394
1000052,녹사평대로32길,534,272,262,49,81,123,74,61,146,30,45,63,42,27,65,19,36,60,32,34,81,289,0,289
1000051,녹사평대로26길,955,449,506,82,161,199,127,145,241,45,84,107,54,69,90,37,77,92,73,76,151,519,0,519
1000050,녹사평대로11길,418,204,214,44,51,79,72,58,114,23,26,39,33,38,45,21,25,40,39,20,69,213,0,213
1000049,퇴계로90길,3440,1717,1723,355,546,411,584,661,883,184,269,207,308,362,387,171,277,204,276,299,496,1838,0,1838
1000048,퇴계로8길,1491,762,729,83,142,145,190,245,686,34,60,88,94,133,353,49,82,57,96,112,333,1036,0,1036
1000047,퇴계로56길,1130,580,550,92,182,132,157,199,368,50,104,74,90,101,161,42,78,58,67,98,207,623,0,623
1000046,퇴계로46길,618,322,296,84,136,108,79,63,148,46,64,59,48,34,71,38,72,49,31,29,77,366,0,366
1000045,퇴계로18길,706,350,356,93,94,126,113,87,193,46,55,69,55,42,83,47,39,57,58,45,110,406,0,406
1000044,퇴계로12길,935,457,478,83,111,119,153,149,320,50,58,67,87,73,122,33,53,52,66,76,198,491,113,378
1000043,청구로1길,2037,952,1085,221,286,247,328,392,563,103,134,136,162,203,214,118,152,111,166,189,349,1071,0,1071
1000042,청구로17길,1792,890,902,206,311,272,257,311,435,108,146,152,125,157,202,98,165,120,132,154,233,896,0,896
1000041,장충단로8길,1480,746,734,143,279,234,227,235,362,73,145,122,125,115,166,70,134,112,102,120,196,796,0,796
1000040,삼일대로4길,107,63,44,29,10,28,16,13,11,19,5,16,8,8,7,10,5,12,8,5,4,46,0,46
1000039,명동길,531,36,495,0,9,48,113,104,257,0,1,4,9,14,8,0,8,44,104,90,249,23,0,23
1000038,동호로8길,697,329,368,93,132,128,107,85,152,45,62,64,54,45,59,48,70,64,53,40,93,347,0,347
1000037,동호로20길,2114,1003,1111,288,359,345,341,328,453,149,174,179,157,148,196,139,185,166,184,180,257,963,0,963
1000036,동호로15길,1877,906,971,175,274,229,303,320,576,96,132,116,150,177,235,79,142,113,153,143,341,958,0,958
1000035,동호로11길,4601,2259,2342,526,730,741,757,731,1116,291,381,392,371,349,475,235,349,349,386,382,641,2026,102,1924
1000034,동호로10길,2072,986,1086,234,417,445,289,303,384,119,188,208,143,149,179,115,229,237,146,154,205,1122,0,1122
1000033,다산로39길,875,492,383,45,102,87,129,221,291,17,56,48,85,125,161,28,46,39,44,96,130,591,0,591
1000032,다산로38길,1436,685,751,205,232,221,228,232,318,96,112,100,120,119,138,109,120,121,108,113,180,650,230,420
1000031,다산로36길,2022,993,1029,222,283,243,344,401,529,115,141,129,185,202,221,107,142,114,159,199,308,961,153,808
1000030,다산로33길,3551,1783,1768,343,606,483,566,662,891,177,311,282,300,331,382,166,295,201,266,331,509,1835,0,1835
1000029,난계로21길,1076,531,545,77,251,308,132,133,175,42,118,150,72,74,75,35,133,158,60,59,100,633,0,633
1000028,난계로11길,3351,1566,1785,285,736,710,493,508,619,135,279,339,253,263,297,150,457,371,240,245,322,1949,50,1899
1000027,필운대로1길,722,323,399,137,84,89,160,93,159,62,44,41,66,47,63,75,40,48,94,46,96,326,0,326
1000026,평창길,1787,882,905,307,366,173,224,264,453,182,190,85,101,120,204,125,176,88,123,144,249,865,0,865
1000025,통일로12길,925,433,492,127,102,97,200,128,271,68,42,49,99,62,113,59,60,48,101,66,158,449,0,449
1000024,창신길,2347,1180,1167,281,364,251,379,512,560,133,190,139,192,267,259,148,174,112,187,245,301,1040,63,977
1000023,창신5길,1293,695,598,93,153,122,183,309,433,48,96,73,91,177,210,45,57,49,92,132,223,782,0,782
1000022,창신2길,802,414,388,69,105,83,114,188,243,32,58,49,68,93,114,37,47,34,46,95,129,407,0,407
1000021,창경궁로35길,924,413,511,65,196,114,151,128,270,29,95,55,72,56,106,36,101,59,79,72,164,650,0,650
1000020,지봉로8길,2307,1163,1144,231,307,283,368,452,666,122,161,162,202,224,292,109,146,121,166,228,374,1170,0,1170
1000019,종로65길,3627,1873,1754,313,502,456,538,806,1012,165,242,260,279,434,493,148,260,196,259,372,519,2025,62,1963
1000018,종로58가길,461,246,215,19,130,122,56,58,76,5,58,71,35,34,43,14,72,51,21,24,33,370,0,370
1000017,종로24길,45,32,13,2,1,4,7,10,21,0,1,3,7,7,14,2,0,1,0,3,7,37,0,37
1000016,자하문로7길,699,319,380,115,80,103,114,85,202,61,39,46,53,36,84,54,41,57,61,49,118,347,0,347
1000015,이화장길,1644,801,843,197,356,299,217,233,342,98,167,150,102,120,164,99,189,149,115,113,178,879,0,879
1000014,율곡로16길,469,251,218,44,74,80,69,88,114,29,39,48,39,43,53,15,35,32,30,45,61,253,0,253
1000013,율곡로10길,249,147,102,8,23,30,36,51,101,5,13,19,27,32,51,3,10,11,9,19,50,166,0,166
1000012,옥인길,2586,1163,1423,468,281,429,517,380,511,223,128,198,231,167,216,245,153,231,286,213,295,1087,111,976
1000011,숭인동길,1770,886,884,169,285,262,273,334,447,90,150,133,138,170,205,79,135,129,135,164,242,916,0,916
1000010,성균관로5길,947,458,489,84,329,145,110,109,170,42,165,77,57,46,71,42,164,68,53,63,99,600,0,600
1000009,삼청로5길,759,340,419,69,73,116,91,124,286,32,33,53,48,52,122,37,40,63,43,72,164,408,0,408
1000008,북촌로5나길,682,324,358,104,84,110,115,104,165,61,39,55,60,42,67,43,45,55,55,62,98,326,0,326
1000007,북촌로5길,451,209,242,60,60,59,55,69,148,37,23,26,29,33,61,23,37,33,26,36,87,214,0,214
1000006,북촌로11길,663,301,362,59,64,75,101,132,232,30,35,35,52,62,87,29,29,40,49,70,145,368,0,368
1000005,백석동길,1694,826,868,239,238,249,292,301,375,128,141,111,136,135,175,111,97,138,156,166,200,725,0,725
1000004,명륜길,1453,711,742,149,482,186,149,161,326,67,241,114,81,67,141,82,241,72,68,94,185,884,0,884
1000003,돈화문로11가길,1214,682,532,110,178,204,222,190,310,56,102,131,123,116,154,54,76,73,99,74,156,805,0,805
1000002,난계로27길,841,383,458,19,369,234,82,54,83,11,111,110,50,43,58,8,258,124,32,11,25,775,8,767
1000001,계동길,1806,851,955,257,203,238,341,276,491,126,98,114,157,135,221,131,105,124,184,141,270,785,0,785