area_code,area_name,total,m,fm,age10,age20,age30,age40,age50,age60,남성연령대_10_직장_인구_수,남성연령대_20_직장_인구_수,남성연령대_30_직장_인구_수,남성연령대_40_직장_인구_수,남성연령대_50_직장_인구_수,남성연령대_60_이상_직장_인구_수,여성연령대_10_직장_인구_수,여성연령대_20_직장_인구_수,여성연령대_30_직장_인구_수,여성연령대_40_직장_인구_수,여성연령대_50_직장_인구_수,여성연령대_60_이상_직장_인구_수
1001496,강남 마이스 관광특구,22562,12970,9592,134,5387,7829,5600,2673,939,50,1825,4433,3940,2047,675,84,3562,3396,1660,626,264
1001495,잠실 관광특구,30675,17928,12747,146,5724,7561,6724,6446,4074,69,2849,4805,4043,3653,2509,77,2875,2756,2681,2793,1565
1001494,종로·청계 관광특구,31692,19002,12690,88,4453,9415,8633,6762,2341,35,1806,4890,5756,5081,1434,53,2647,4525,2877,1681,907
1001493,동대문패션타운 관광특구,10568,5953,4615,18,2407,3346,2305,1601,891,12,1269,1899,1353,894,526,6,1138,1447,952,707,365
1001492,명동 남대문 북창동 다동 무교동 관광특구,158818,77955,80863,586,34277,52798,41310,23186,6661,148,10471,23876,23836,15266,4358,438,23806,28922,17474,7920,2303
1001491,이태원 관광특구,5857,3193,2664,32,1556,1641,1111,954,563,12,734,905,590,599,353,20,822,736,521,355,210
1001490,길동복조리시장,471,321,150,1,47,95,139,106,83,0,30,61,93,77,60,1,17,34,46,29,23
1001489,둔촌역전통시장,169,79,90,0,12,31,37,48,41,0,4,11,15,21,28,0,8,20,22,27,13
1001488,성내골목시장,6,2,4,0,0,0,4,1,1,0,0,0,2,0,0,0,0,0,2,1,1
1001487,천호시장,9,4,5,0,0,2,1,5,1,0,0,1,0,3,0,0,0,1,1,2,1
1001483,암사종합시장,829,387,442,0,32,59,86,105,547,0,19,29,41,35,263,0,13,30,45,70,284
1001482,고덕전통시장,400,387,13,0,2,13,50,126,209,0,2,10,43,124,208,0,0,3,7,2,1
1001481,명일골목시장,531,208,323,1,32,33,62,148,255,1,22,19,17,25,124,0,10,14,45,123,131
1001480,새마을시장,385,227,158,0,42,97,112,84,50,0,28,67,66,36,30,0,14,30,46,48,20
1001479,석촌시장,165,98,67,0,19,29,47,39,31,0,10,17,26,24,21,0,9,12,21,15,10
1001478,방이시장,611,372,239,0,63,188,152,155,53,0,41,154,102,52,23,0,22,34,50,103,30
1001477,마천시장,216,77,139,1,24,40,64,58,29,1,7,14,20,23,12,0,17,26,44,35,17
1001476,풍납시장,10,2,8,0,2,1,3,3,1,0,0,0,1,0,1,0,2,1,2,3,0
1001475,강남개포시장,36,31,5,0,1,0,8,9,18,0,0,0,4,9,18,0,1,0,4,0,0
1001474,도곡시장,484,215,269,2,82,102,134,97,67,0,21,55,56,44,39,2,61,47,78,53,28
1001471,영동전통시장,3036,2192,844,20,466,811,833,606,300,12,256,593,682,442,207,8,210,218,151,164,93
1001466,미성동도깨비시장,409,167,242,1,62,80,128,111,27,0,17,39,58,39,14,1,45,41,70,72,13
1001465,신신림시장,3,2,1,0,0,0,2,1,0,0,0,0,1,1,0,0,0,0,1,0,0
1001464,삼성동시장,94,38,56,0,9,18,20,25,22,0,1,9,8,8,12,0,8,9,12,17,10
1001463,신림중앙시장,12,7,5,0,0,4,2,1,5,0,0,2,2,1,2,0,0,2,0,0,3
1001462,강남골목시장,262,139,123,0,36,54,68,56,48,0,20,26,34,29,30,0,16,28,34,27,18
1001460,관악신사시장,171,79,92,0,24,41,47,38,21,0,5,19,24,18,13,0,19,22,23,20,8
1001459,신원시장,330,124,206,0,31,50,78,88,83,0,11,26,27,31,29,0,20,24,51,57,54
1001458,인헌시장,204,95,109,0,32,72,50,30,20,0,9,41,26,12,7,0,23,31,24,18,13
1001456,봉천현대시장,10,4,6,1,0,0,3,3,3,1,0,0,1,1,1,0,0,0,2,2,2
1001454,봉천제일종합시장,62,31,31,0,3,9,13,29,8,0,1,6,6,12,6,0,2,3,7,17,2
1001453,낙성대시장,16,9,7,0,1,2,2,9,2,0,1,1,2,5,0,0,0,1,0,4,2
1001452,중부시장,185,54,131,0,23,33,39,44,46,0,4,11,13,17,9,0,19,22,26,27,37
1001450,남성역골목시장,563,254,309,0,73,116,146,127,101,0,22,44,66,68,54,0,51,72,80,59,47
1001449,남성사계시장,1983,874,1109,12,267,400,405,465,434,4,71,187,217,188,207,8,196,213,188,277,227
1001448,흑석시장,171,54,117,1,24,43,55,34,14,1,5,9,14,13,12,0,19,34,41,21,2
1001447,상도4동도깨비골목시장,327,84,243,1,65,69,87,74,31,0,16,18,24,15,11,1,49,51,63,59,20
1001445,영도시장,83,41,42,0,13,19,22,19,10,0,3,8,15,9,6,0,10,11,7,10,4
1001441,본동인정시장,134,73,61,0,9,33,36,29,27,0,3,15,19,15,21,0,6,18,17,14,6
1001439,대림중앙시장,20,9,11,0,3,4,4,6,3,0,0,2,2,2,3,0,3,2,2,4,0
1001438,우리시장,18,9,9,0,2,4,2,9,1,0,0,2,0,6,1,0,2,2,2,3,0
1001437,영진시장A동,47,41,6,1,4,10,10,14,8,0,4,8,9,14,6,1,0,2,1,0,2
1001436,사러가시장,34,12,22,0,8,10,9,5,2,0,3,3,2,3,1,0,5,7,7,2,1
1001431,영등포청과시장,218,143,75,3,24,62,65,42,22,0,13,41,47,28,14,3,11,21,18,14,8
1001430,영등포전통시장,4063,1979,2084,13,593,1454,1141,584,278,0,168,626,606,392,187,13,425,828,535,192,91
1001429,은행나무시장,69,14,55,0,6,14,27,14,8,0,2,2,3,3,4,0,4,12,24,11,4
1001427,현대시장,45,11,34,0,2,6,22,10,5,0,1,1,6,1,2,0,1,5,16,9,3
1001424,남문시장,271,114,157,1,27,36,67,104,36,1,7,12,25,46,23,0,20,24,42,58,13
1001423,독산동 우시장,137,58,79,0,13,14,49,40,21,0,7,6,16,15,14,0,6,8,33,25,7
1001421,개봉중앙시장,10,5,5,0,0,1,1,2,6,0,0,0,1,0,4,0,0,1,0,2,2
1001419,가리봉시장,16,13,3,0,0,2,5,3,6,0,0,1,5,2,5,0,0,1,0,1,1
1001418,남구로시장,13,3,10,0,1,0,3,5,4,0,1,0,0,1,1,0,0,0,3,4,3
1001417,구로시장,60,19,41,0,8,21,19,6,6,0,0,7,7,1,4,0,8,14,12,5,2
1001415,방신전통시장,47,26,21,0,3,10,13,16,5,0,1,6,5,10,4,0,2,4,8,6,1
1001414,송화골목시장,563,187,376,3,87,98,168,153,54,0,20,43,56,33,35,3,67,55,112,120,19
1001413,까치산시장,46,27,19,0,4,15,16,9,2,0,1,9,10,5,2,0,3,6,6,4,0
1001411,남부골목시장,217,92,125,0,24,47,68,58,20,0,6,17,31,27,11,0,18,30,37,31,9
1001409,화곡중앙골목시장,2,2,0,0,0,1,0,0,1,0,0,1,0,0,1,0,0,0,0,0,0
1001407,등마루시장,799,452,347,30,232,131,149,120,137,21,161,83,83,40,64,9,71,48,66,80,73
1001406,신정3동골목시장,181,94,87,1,25,26,40,48,41,0,6,11,17,33,27,1,19,15,23,15,14
1001405,신정2동골목시장,6,6,0,0,0,1,4,1,0,0,0,1,4,1,0,0,0,0,0,0,0
1001402,신월6동골목시장,229,123,106,1,42,49,64,38,35,1,16,28,35,20,23,0,26,21,29,18,12
1001401,신곡종합시장,13,9,4,0,1,1,3,2,6,0,1,1,2,1,4,0,0,0,1,1,2
1001400,신월3동골목시장,68,24,44,0,8,17,19,19,5,0,3,9,7,4,1,0,5,8,12,15,4
1001399,경창시장,208,85,123,1,8,25,49,62,63,0,4,16,26,23,16,1,4,9,23,39,47
1001398,월정로시장,123,71,52,0,8,20,26,42,27,0,3,13,14,22,19,0,5,7,12,20,8
1001397,신영시장,56,20,36,0,4,10,20,13,9,0,1,5,9,2,3,0,3,5,11,11,6
1001396,목4동시장,211,70,141,0,19,39,48,68,37,0,4,14,9,22,21,0,15,25,39,46,16
1001395,목3동시장,768,376,392,0,140,188,173,167,100,0,63,108,87,66,52,0,77,80,86,101,48
1001394,목2동시장,228,108,120,0,31,48,72,58,19,0,6,31,34,28,9,0,25,17,38,30,10
1001393,마포농수산물시장,461,295,166,0,14,51,118,175,103,0,10,30,80,105,70,0,4,21,38,70,33
1001391,망원월드컵시장,16,11,5,1,0,2,7,3,3,1,0,2,4,3,1,0,0,0,3,0,2
1001390,망원시장,60,30,30,0,10,13,9,18,10,0,3,8,6,5,8,0,7,5,3,13,2
1001386,신수시장,121,83,38,0,11,31,44,18,17,0,3,19,31,15,15,0,8,12,13,3,2
1001385,아현시장,25,5,20,0,2,9,7,4,3,0,0,3,1,1,0,0,2,6,6,3,3
1001374,대림골목시장,411,134,277,0,35,81,131,109,55,0,15,26,34,35,24,0,20,55,97,74,31
1001367,상계중앙시장,42,20,22,0,6,13,6,15,2,0,3,6,3,8,0,0,3,7,3,7,2
1001364,방학동도깨비시장,160,66,94,0,18,41,43,34,24,0,9,23,17,11,6,0,9,18,26,23,18
1001363,쌍문역골목시장,71,35,36,0,6,17,21,16,11,0,2,9,8,9,7,0,4,8,13,7,4
1001361,신도봉시장,28,15,13,0,0,4,8,14,2,0,0,2,6,7,0,0,0,2,2,7,2
1001359,창동신창시장,141,60,81,0,9,24,37,43,28,0,2,7,16,19,16,0,7,17,21,24,12
1001358,수유북부시장,12,2,10,0,4,1,2,1,4,0,0,1,1,0,0,0,4,0,1,1,4
1001357,장미원골목시장,67,41,26,0,7,12,19,20,9,0,1,7,12,15,6,0,6,5,7,5,3
1001356,수유중앙시장,127,67,60,1,13,28,37,27,21,1,7,12,20,14,13,0,6,16,17,13,8
1001355,강북종합시장,65,28,37,0,11,11,20,13,10,0,2,8,8,6,4,0,9,3,12,7,6
1001354,우이시장,157,52,105,0,9,32,39,51,26,0,2,15,14,11,10,0,7,17,25,40,16
1001353,수유전통시장,411,152,259,0,58,71,86,103,93,0,18,18,27,36,53,0,40,53,59,67,40
1001352,번동북부골목시장,84,44,40,0,12,12,22,24,14,0,4,7,11,13,9,0,8,5,11,11,5
1001351,솔샘시장,109,45,64,0,13,27,41,19,9,0,3,14,17,5,6,0,10,13,24,14,3
1001349,방천골목시장,77,28,49,0,11,14,20,21,11,0,1,3,6,11,7,0,10,11,14,10,4
1001347,석관황금시장,78,26,52,0,3,10,23,20,22,0,1,6,10,5,4,0,2,4,13,15,18
1001343,장위전통시장,190,76,114,1,20,41,56,46,26,0,9,14,17,18,18,1,11,27,39,28,8
1001340,정릉시장,37,13,24,0,8,6,10,9,4,0,1,3,5,2,2,0,7,3,5,7,2
1001339,정릉아리랑시장,2,1,1,0,0,0,0,2,0,0,0,0,0,1,0,0,0,0,0,1,0
1001338,돈암제일시장,52,19,33,2,10,6,18,7,9,2,2,2,5,3,5,0,8,4,13,4,4
1001336,우림골목시장,218,108,110,0,13,31,52,54,68,0,5,12,22,26,43,0,8,19,30,28,25
1001335,묵1동도깨비시장,290,125,165,0,35,52,79,89,35,0,9,22,33,41,20,0,26,30,46,48,15
1001334,태능시장,3,1,2,0,2,0,0,1,0,0,0,0,0,1,0,0,2,0,0,0,0
1001333,중화제일시장,22,1,21,0,8,1,4,6,3,0,0,0,0,1,0,0,8,1,4,5,3
1001332,사가정시장,245,172,73,0,21,26,38,80,80,0,3,12,22,60,75,0,18,14,16,20,5
1001330,동원시장,72,35,37,0,9,17,22,13,11,0,3,9,10,6,7,0,6,8,12,7,4
1001329,동부골목시장,105,37,68,0,29,20,19,19,18,0,9,4,5,7,12,0,20,16,14,12,6
1001326,회기시장,114,52,62,0,15,34,31,16,18,0,5,15,18,4,10,0,10,19,13,12,8
1001323,답십리시장,31,10,21,0,3,5,14,8,1,0,1,0,7,1,1,0,2,5,7,7,0
1001321,답십리현대시장,98,79,19,0,15,21,33,15,14,0,10,18,29,9,13,0,5,3,4,6,1
1001319,청량리종합시장,10,6,4,0,1,3,0,4,2,0,1,2,0,1,2,0,0,1,0,3,0
1001317,청량리농수산물시장,21,16,5,0,1,4,5,6,5,0,0,4,4,4,4,0,1,0,1,2,1
1001316,서울약령시장,1319,793,526,2,125,220,323,376,273,2,59,130,195,228,179,0,66,90,128,148,94
1001313,청량리수산시장,227,115,112,0,44,55,56,31,41,0,13,25,32,14,31,0,31,30,24,17,10
1001310,구의시장,132,80,52,0,14,17,26,46,29,0,3,11,17,26,23,0,11,6,9,20,6
1001309,조양시장,91,48,43,0,6,10,32,27,16,0,1,3,16,13,15,0,5,7,16,14,1
1001308,영동교골목시장,18,12,6,0,1,5,5,2,5,0,0,5,3,1,3,0,1,0,2,1,2
1001307,능동로골목시장,275,240,35,0,9,16,10,23,217,0,2,14,3,14,207,0,7,2,7,9,10
1001304,자양골목시장,97,51,46,0,8,13,21,35,20,0,5,4,11,18,13,0,3,9,10,17,7
1001301,중곡제일시장,130,65,65,1,11,23,27,44,24,1,3,11,11,22,17,0,8,12,16,22,7
1001299,한아름시장,174,93,81,2,49,33,43,31,16,0,24,25,28,11,5,2,25,8,15,20,11
1001298,성동용답상가시장,312,155,157,0,56,75,68,71,42,0,24,30,37,32,32,0,32,45,31,39,10
1001297,뚝도시장,35,14,21,0,2,7,12,8,6,0,1,4,4,1,4,0,1,3,8,7,2
1001296,금남시장,29,13,16,0,3,7,2,7,10,0,1,5,1,2,4,0,2,2,1,5,6
1001295,행당시장,257,122,135,0,43,70,80,47,17,0,10,36,44,21,11,0,33,34,36,26,6
1001294,마장축산물시장,1516,1018,498,1,154,397,426,337,201,1,108,278,281,224,126,0,46,119,145,113,75
1001289,용문전통시장,41,20,21,0,2,6,12,14,7,0,1,3,5,6,5,0,1,3,7,8,2
1001286,후암시장,48,19,29,0,2,9,9,18,10,0,1,4,3,5,6,0,1,5,6,13,4
1001285,합동(새벽)시장,2365,1366,999,6,360,711,590,383,315,1,124,302,339,303,297,5,236,409,251,80,18
1001284,서울중앙시장,278,184,94,0,30,78,70,73,27,0,14,55,45,48,22,0,16,23,25,25,5
1001283,백학시장,463,238,225,0,63,144,110,103,43,0,26,71,61,48,32,0,37,73,49,55,11
1001282,약수시장,1786,703,1083,9,281,404,424,373,295,1,75,155,176,141,155,8,206,249,248,232,140
1001281,청평화시장,3360,2011,1349,2,907,1308,791,250,102,1,585,747,505,120,53,1,322,561,286,130,49
1001280,제일평화시장,570,325,245,0,108,162,128,102,70,0,48,99,76,56,46,0,60,63,52,46,24
1001278,남평화시장,200,123,77,0,17,37,39,73,34,0,12,18,27,43,23,0,5,19,12,30,11
1001277,방산종합시장,1879,1180,699,3,151,416,481,496,332,1,86,274,285,295,239,2,65,142,196,201,93
1001275,인현시장,1084,665,419,1,67,190,294,323,209,0,29,93,178,209,156,1,38,97,116,114,53
1001274,신중부시장,2437,1607,830,7,205,445,683,652,445,4,106,294,447,431,325,3,99,151,236,221,120
1001273,남대문시장,7146,3645,3501,45,1137,2611,1936,957,460,2,356,1304,1039,619,325,43,781,1307,897,338,135
1001271,동묘시장,903,568,335,3,116,192,226,224,142,2,44,124,151,144,103,1,72,68,75,80,39
1001270,창신골목시장,223,116,107,0,21,93,54,43,12,0,10,43,29,25,9,0,11,50,25,18,3
1001268,충신시장,297,182,115,0,42,86,70,60,39,0,17,51,41,40,33,0,25,35,29,20,6
1001267,종로신진시장,39,19,20,0,0,6,12,9,12,0,0,2,6,2,9,0,0,4,6,7,3
1001266,동대문종합시장,320,185,135,2,55,72,90,58,43,1,30,34,59,33,28,1,25,38,31,25,15
1001265,광장시장,204,152,52,0,15,37,36,64,52,0,11,29,25,46,41,0,4,8,11,18,11
1001263,서울 노원구 노원역_3,775,329,446,12,223,145,151,142,102,2,78,76,67,52,54,10,145,69,84,90,48
1001261,서울 노원구 노원역_1,1068,309,759,6,334,270,233,145,80,0,53,89,82,51,34,6,281,181,151,94,46
1001260,창동역,2477,1573,904,2,270,432,668,658,447,0,108,262,427,467,309,2,162,170,241,191,138
1001259,서울 강북구 수유역_3,64,32,32,0,12,15,10,18,9,0,6,7,6,7,6,0,6,8,4,11,3
1001257,서울 강북구 수유역_2,4370,2230,2140,9,521,968,1020,1049,803,6,180,435,508,640,461,3,341,533,512,409,342
1001256,서울 강북구 수유역_1,43,30,13,0,5,6,13,12,7,0,5,6,4,8,7,0,0,0,9,4,0
1001255,서울 은평구 연신내역_3,676,207,469,4,149,131,167,128,97,2,29,35,53,50,38,2,120,96,114,78,59
1001254,서울 은평구 연신내역_2,451,195,256,4,102,108,116,66,55,1,37,56,46,26,29,3,65,52,70,40,26
1001253,서울 은평구 연신내역_1,74,30,44,0,22,16,14,15,7,0,6,8,5,6,5,0,16,8,9,9,2
1001252,서울 성북구 미아삼거리역_2,507,206,301,1,90,116,146,116,38,1,19,40,66,62,18,0,71,76,80,54,20
1001251,서울 강북구 미아삼거리역_1,542,200,342,4,137,124,104,94,79,3,36,48,38,31,44,1,101,76,66,63,35
1001250,서울 은평구 불광역_3,54,19,35,0,11,8,16,14,5,0,3,1,7,6,2,0,8,7,9,8,3
1001249,서울 은평구 불광역_2,69,26,43,0,9,12,16,22,10,0,0,2,7,10,7,0,9,10,9,12,3
1001248,서울 은평구 불광역_1,284,113,171,1,36,64,52,76,55,0,15,24,23,24,27,1,21,40,29,52,28
1001247,미아사거리_2,121,41,80,2,29,30,33,17,10,1,12,14,11,2,1,1,17,16,22,15,9
1001246,미아사거리_1,621,283,338,13,135,128,148,126,71,9,68,66,53,43,44,4,67,62,95,83,27
1001245,서울 성북구 성신여대입구역,5286,3156,2130,17,700,1193,1235,1440,701,6,280,563,703,1077,527,11,420,630,532,363,174
1001244,경희대학교,370,178,192,4,65,88,94,77,42,0,33,50,49,30,16,4,32,38,45,47,26
1001243,서울 성북구 안암역,112,69,43,3,20,39,28,8,14,0,10,33,16,3,7,3,10,6,12,5,7
1001242,혜화역 대학로_3,1727,826,901,8,286,466,416,348,203,3,110,217,203,176,117,5,176,249,213,172,86
1001241,혜화역 대학로_2,1513,820,693,2,97,459,526,354,75,1,35,193,270,271,50,1,62,266,256,83,25
1001240,혜화역 대학로_1,1225,637,588,3,298,358,261,180,125,2,123,183,155,100,74,1,175,175,106,80,51
1001239,디지털미디어시티,17010,11036,5974,16,2977,6456,5238,1925,398,2,1154,3986,4068,1539,287,14,1823,2470,1170,386,111
1001238,서울 동대문구 청량리역,3509,2402,1107,14,686,860,857,654,438,8,463,653,592,401,285,6,223,207,265,253,153
1001236,서울 종로구 안국역_2,706,276,430,2,169,210,179,104,42,1,40,91,82,34,28,1,129,119,97,70,14
1001235,서울 종로구 안국역_1,11483,9242,2241,3,1208,4187,3560,1977,548,3,771,3318,2990,1717,443,0,437,869,570,260,105
1001234,서울 종로구 경복궁역_1,207,80,127,0,38,52,33,45,39,0,15,23,11,10,21,0,23,29,22,35,18
1001233,서울 종로구 종로3가역_3,3411,1821,1590,8,586,849,900,677,391,1,176,450,517,405,272,7,410,399,383,272,119
1001232,서울 종로구 종로3가역_2,1922,1023,899,13,364,416,411,360,358,3,145,229,222,189,235,10,219,187,189,171,123
1001231,서울 동대문구 신설동역_2,4377,2078,2299,20,472,609,722,1179,1375,4,145,312,402,486,729,16,327,297,320,693,646
1001230,인사동,21052,13045,8007,66,3857,7020,5163,3269,1677,33,1428,4216,3865,2471,1032,33,2429,2804,1298,798,645
1001229,서울 종로구 종로5가역_4,635,349,286,0,65,132,188,155,95,0,20,71,105,88,65,0,45,61,83,67,30
1001228,서울 종로구 종로5가역_3,4960,3352,1608,7,613,1270,1381,1082,607,2,349,862,911,773,455,5,264,408,470,309,152
1001227,종로구청,18495,10125,8370,553,3395,5549,4976,2864,1158,242,1395,2712,3126,1952,698,311,2000,2837,1850,912,460
1001226,서울 종로구 종로5가역_2,17391,11598,5793,284,3078,5670,4753,2794,812,75,1303,3731,3674,2244,571,209,1775,1939,1079,550,241
1001225,신설동역,738,421,317,3,119,193,160,168,95,1,43,112,99,92,74,2,76,81,61,76,21
1001224,서울 동대문구 신설동역_1,2,2,0,0,0,0,1,0,1,0,0,0,1,0,1,0,0,0,0,0,0
1001223,서울 종로구 광화문역_2,54371,32642,21729,61,7110,16725,17005,9883,3587,18,2626,9537,11401,6796,2264,43,4484,7188,5604,3087,1323
1001222,동묘앞역,68,40,28,0,6,11,15,22,14,0,4,5,9,14,8,0,2,6,6,8,6
1001221,장안동사거리,503,249,254,1,85,108,116,112,81,0,27,63,59,53,47,1,58,45,57,59,34
1001220,서울 종로구 동대문역_2,1106,550,556,1,215,288,275,171,156,0,61,144,150,89,106,1,154,144,125,82,50
1001218,동대문시장_2,500,300,200,0,41,106,114,131,108,0,19,62,73,69,77,0,22,44,41,62,31
1001217,서울 종로구 종로5가역_1,50,38,12,0,3,7,14,17,9,0,1,4,12,14,7,0,2,3,2,3,2
1001216,서울 종로구 종로3가역_1,4034,1757,2277,19,662,979,805,861,708,9,210,390,373,393,382,10,452,589,432,468,326
1001215,서울 종로구 광화문역_1,2103,1344,759,0,375,778,497,302,151,0,127,481,386,255,95,0,248,297,111,47,56
1001214,종각역,20751,13526,7225,21,2635,6782,6341,4479,493,6,1115,3539,4506,3986,374,15,1520,3243,1835,493,119
1001213,종각역 젊음의 거리,2712,1114,1598,41,643,680,463,477,408,18,241,359,221,131,144,23,402,321,242,346,264
1001212,서대문구 서대문역_1,348,250,98,0,38,77,114,62,57,0,23,52,88,40,47,0,15,25,26,22,10
1001211,동대문시장_1,437,223,214,0,32,110,120,112,63,0,13,59,60,53,38,0,19,51,60,59,25
1001210,시청역_2,21859,13798,8061,61,3741,6713,6415,3735,1194,20,1530,3993,4633,2731,891,41,2211,2720,1782,1004,303
1001209,서울시청,23497,11478,12019,80,4332,7391,6986,3557,1151,17,1448,3282,3713,2288,730,63,2884,4109,3273,1269,421
1001208,서울 중구 을지로3가역_2,7863,5061,2802,10,917,2052,2113,1539,1232,3,356,1208,1529,1054,911,7,561,844,584,485,321
1001207,서울 중구 신당역_2,1354,683,671,8,620,330,192,135,69,5,294,178,97,64,45,3,326,152,95,71,24
1001206,서대문구 서대문역_2,1449,871,578,0,301,410,394,224,120,0,121,244,268,162,76,0,180,166,126,62,44
1001205,동대문역사문화공원역,2248,1277,971,1,285,536,545,526,355,0,103,303,325,314,232,1,182,233,220,212,123
1001204,서울 중구 을지로3가역_1,18018,11428,6590,26,2375,5122,5696,3173,1626,7,1072,3086,3766,2384,1113,19,1303,2036,1930,789,513
1001203,명동거리,9026,4728,4298,34,1499,2465,2399,1899,730,15,479,1216,1478,1070,470,19,1020,1249,921,829,260
1001202,롯데백화점,40463,21491,18972,212,5800,13604,12582,6665,1600,63,1868,5993,7420,4990,1157,149,3932,7611,5162,1675,443
1001201,서울 중구 신당역_1,1057,702,355,1,126,227,280,268,155,0,52,138,199,199,114,1,74,89,81,69,41
1001200,북창동,10548,5655,4893,34,1707,3055,2870,2003,879,5,656,1656,1546,1185,607,29,1051,1399,1324,818,272
1001199,서울 중구 충무로역_2,14898,6701,8197,68,2711,4096,4512,2561,950,25,804,2032,2120,1145,575,43,1907,2064,2392,1416,375
1001198,서울 강서구 송정역,616,407,209,3,73,114,187,133,106,0,29,75,140,88,75,3,44,39,47,45,31
1001197,장한평역_2,5325,3255,2070,27,1176,1296,982,1042,802,5,517,876,663,623,571,22,659,420,319,419,231
1001196,시청역_1,54859,33251,21608,185,8075,20031,17685,7694,1189,42,3678,10844,11858,5963,866,143,4397,9187,5827,1731,323
1001195,왕십리역_2,668,280,388,6,136,138,154,126,108,3,44,55,62,60,56,3,92,83,92,66,52
1001194,서울 강서구 발산역,874,492,382,2,163,266,219,157,67,2,55,150,150,102,33,0,108,116,69,55,34
1001193,장한평역_1,2508,1570,938,14,295,412,439,429,919,4,123,213,269,276,685,10,172,199,170,153,234
1001192,서울 중구 충무로역_1,3239,2248,991,12,623,1015,877,559,153,5,429,792,667,258,97,7,194,223,210,301,56
1001190,장한평역,2303,1580,723,4,168,404,749,657,321,3,81,251,535,470,240,1,87,153,214,187,81
1001189,서울 중구 명동역,3988,2012,1976,7,771,1852,940,291,127,2,248,877,612,189,84,5,523,975,328,102,43
1001188,장충동 족발거리,187,89,98,0,40,39,46,27,35,0,15,23,28,9,14,0,25,16,18,18,21
1001187,한양시장,266,156,110,1,46,53,68,62,36,1,30,39,36,28,22,0,16,14,32,34,14
1001186,서울 서대문구 이대역,1395,638,757,18,316,347,307,252,155,4,107,168,146,113,100,14,209,179,161,139,55
1001185,서울 서대문구 신촌역,3278,1418,1860,34,914,837,616,513,364,16,316,422,290,198,176,18,598,415,326,315,188
1001184,서울 마포구 홍대입구역_3,342,155,187,0,78,108,81,39,36,0,12,48,43,24,28,0,66,60,38,15,8
1001183,서울 마포구 홍대입구역_2,3328,1284,2044,26,1368,1011,534,256,133,10,292,431,275,174,102,16,1076,580,259,82,31
1001182,홍익대학교 주변,16818,8154,8664,83,4287,5192,3674,2142,1440,40,1631,2641,1923,977,942,43,2656,2551,1751,1165,498
1001181,서울 광진구 군자역,227,131,96,1,37,59,64,39,27,0,15,40,37,25,14,1,22,19,27,14,13
1001180,신촌역,221,106,115,0,34,61,66,38,22,0,13,18,40,21,14,0,21,43,26,17,8
1001179,강서구청,3558,2312,1246,14,588,879,970,708,399,10,314,568,694,457,269,4,274,311,276,251,130
1001178,서울 마포구 홍대입구역_1,871,475,396,10,257,279,183,97,45,1,106,161,118,60,29,9,151,118,65,37,16
1001175,서울 강동구 고덕역,450,255,195,2,42,89,99,120,98,1,14,47,48,74,71,1,28,42,51,46,27
1001173,서울 강동구 명일역,869,359,510,4,138,160,239,191,137,2,36,69,86,80,86,2,102,91,153,111,51
1001172,어린이대공원역,88,47,41,0,10,23,25,23,7,0,4,13,15,11,4,0,6,10,10,12,3
1001171,서울 마포구 공덕역_2,4328,2508,1820,3,701,1124,1297,976,227,2,249,650,883,598,126,1,452,474,414,378,101
1001170,공덕역,7954,4594,3360,22,1802,2461,2200,1253,216,11,695,1203,1486,1030,169,11,1107,1258,714,223,47
1001169,서울 용산구 숙대입구역,2707,1969,738,10,552,958,736,336,115,0,324,734,585,250,76,10,228,224,151,86,39
1001168,남영역,12311,5453,6858,343,3626,3831,2793,1509,209,134,1543,1954,1256,444,122,209,2083,1877,1537,1065,87
1001167,서울 마포구 공덕역_1,4905,2395,2510,26,1021,1406,1269,933,250,11,414,790,685,323,172,15,607,616,584,610,78
1001166,서울 마포구 마포역_2,1002,557,445,2,138,233,309,215,105,1,62,129,182,114,69,1,76,104,127,101,36
1001165,서울 광진구 건대입구역_2,2990,1023,1967,10,924,1046,537,292,181,2,221,349,243,94,114,8,703,697,294,198,67
1001164,서울 마포구 마포역_1,13134,7794,5340,81,2229,3070,2894,2838,2022,27,983,1899,2001,1590,1294,54,1246,1171,893,1248,728
1001163,서울 강동구 천호역_2,4128,1923,2205,14,864,931,827,642,850,3,277,490,393,253,507,11,587,441,434,389,343
1001162,서울 광진구 건대입구역_1,916,434,482,3,232,183,206,145,147,1,86,103,94,73,77,2,146,80,112,72,70
1001161,건대입구역,735,394,341,5,178,220,146,110,76,3,84,129,84,48,46,2,94,91,62,62,30
1001160,서울 광진구 구의역,906,569,337,6,82,203,245,197,173,5,30,112,154,137,131,1,52,91,91,60,42
1001159,서울 강동구 천호역,997,451,546,5,176,247,232,183,154,0,32,102,117,94,106,5,144,145,115,89,48
1001158,당산역_2,4707,2881,1826,10,479,592,750,1033,1843,6,322,420,454,529,1150,4,157,172,296,504,693
1001156,서울 강동구 길동역,1286,691,595,1,137,282,368,283,215,0,43,148,238,142,120,1,94,134,130,141,95
1001155,용산 전자상가_5,2575,1881,694,15,395,992,793,286,94,9,275,747,581,202,67,6,120,245,212,84,27
1001153,당산역_1,1148,704,444,4,190,305,305,206,138,1,70,205,190,131,107,3,120,100,115,75,31
1001152,서울 광진구 강변역,1799,1410,389,11,128,377,542,439,302,6,78,270,440,374,242,5,50,107,102,65,60
1001151,용산 전자상가_3,2469,1782,687,23,326,798,743,356,223,14,198,596,530,270,174,9,128,202,213,86,49
1001150,서울 용산구 이태원역,661,400,261,6,236,195,96,70,58,1,144,143,52,34,26,5,92,52,44,36,32
1001149,한남오거리,574,297,277,0,91,155,103,117,108,0,20,92,57,63,65,0,71,63,46,54,43
1001147,용산 전자상가_2,479,380,99,4,59,163,162,64,27,3,49,133,135,45,15,1,10,30,27,19,12
1001146,용산구청,33,15,18,0,6,14,5,7,1,0,2,6,3,3,1,0,4,8,2,4,0
1001145,용산 전자상가_1,13047,8246,4801,62,4989,3348,2696,1485,467,34,2195,2260,2157,1278,322,28,2794,1088,539,207,145
1001144,국회의사당역_2,38083,21992,16091,56,7631,13111,9043,6136,2106,17,2903,7276,6356,4205,1235,39,4728,5835,2687,1931,871
1001143,서울 용산구 신용산역,505,240,265,0,72,102,118,129,84,0,37,59,47,52,45,0,35,43,71,77,39
1001142,국회의사당역_1,5707,4396,1311,1,290,1230,1886,2079,221,1,135,750,1567,1754,189,0,155,480,319,325,32
1001141,압구정 로데오거리_2,16443,6701,9742,141,5727,5862,2760,1209,744,32,1619,2696,1401,536,417,109,4108,3166,1359,673,327
1001140,서울 강남구 압구정역,10265,4575,5690,262,2704,2822,1909,1332,1236,107,838,1314,1077,636,603,155,1866,1508,832,696,633
1001139,서울 영등포구 영등포구청역,3733,1138,2595,22,1031,1464,792,351,73,0,112,541,242,185,58,22,919,923,550,166,15
1001138,압구정 로데오거리_1,9087,2833,6254,34,3399,3498,1406,459,291,8,742,1106,587,231,159,26,2657,2392,819,228,132
1001137,서울 강동구 둔촌동역,71,24,47,0,6,19,19,17,10,0,3,9,5,5,2,0,3,10,14,12,8
1001136,오목교역,198,85,113,3,27,46,50,37,35,0,14,21,19,13,18,3,13,25,31,24,17
1001135,신사동 가로수길,22466,10481,11985,110,5994,7494,4752,2597,1519,42,1612,3669,2747,1415,996,68,4382,3825,2005,1182,523
1001134,서울 영등포구 여의도역_2,49729,33012,16717,113,7119,18041,15439,7161,1856,14,3079,11040,11667,6131,1081,99,4040,7001,3772,1030,775
1001133,청담사거리_3,1143,414,729,5,342,449,209,92,46,0,74,170,97,41,32,5,268,279,112,51,14
1001132,영등포유통상가,2109,1252,857,2,307,417,419,445,519,1,128,239,259,253,372,1,179,178,160,192,147
1001131,청담역_2,1317,899,418,10,281,410,322,154,140,1,123,304,249,116,106,9,158,106,73,38,34
1001130,청담역_1,194,154,40,5,21,67,58,28,15,5,12,53,50,23,11,0,9,14,8,5,4
1001129,청담사거리_2,1189,873,316,5,235,427,389,106,27,0,119,316,333,86,19,5,116,111,56,20,8
1001127,서울 영등포구 여의도역_1,51327,30887,20440,150,6867,13967,16181,11186,2976,17,3044,6727,9944,9145,2010,133,3823,7240,6237,2041,966
1001125,학동사거리_2,2997,1699,1298,7,686,840,595,496,373,1,219,423,390,367,299,6,467,417,205,129,74
1001124,서울 영등포구 영등포시장역,334,253,81,0,26,50,79,104,75,0,20,37,50,81,65,0,6,13,29,23,10
1001123,학동사거리_1,4479,2220,2259,23,1209,1421,802,589,435,9,330,674,476,399,332,14,879,747,326,190,103
1001122,여의도 시범아파트앞,2395,1580,815,9,403,567,598,491,327,3,204,370,403,359,241,6,199,197,195,132,86
1001121,영등포역_3,906,535,371,1,173,248,190,207,87,0,62,145,120,147,61,1,111,103,70,60,26
1001120,도산공원사거리_1,10355,6090,4265,26,2251,3415,2536,1477,650,7,876,2034,1705,1005,463,19,1375,1381,831,472,187
1001119,영등포역_2,1259,661,598,7,172,192,258,322,308,5,70,110,130,153,193,2,102,82,128,169,115
1001118,문래동 주민센터,74,59,15,0,5,10,23,23,13,0,4,9,18,16,12,0,1,1,5,7,1
1001117,강남구 신사역_2,7930,4769,3161,36,1725,2897,2080,895,297,2,598,1738,1538,679,214,34,1127,1159,542,216,83
1001115,서울 강남구 강남구청역_2,4663,2890,1773,52,1887,1320,906,387,111,29,950,848,693,297,73,23,937,472,213,90,38
1001114,강남구 신사역_1,2430,1008,1422,2,663,911,538,191,125,2,120,362,323,122,79,0,543,549,215,69,46
1001113,서울 동작구 노량진1동_1,19,6,13,0,1,4,3,7,4,0,1,1,1,1,2,0,0,3,2,6,2
1001112,서울 강남구 학동역_3,9665,5539,4126,27,2112,3144,2307,1251,824,6,771,1846,1569,801,546,21,1341,1298,738,450,278
1001111,서울 강남구 강남구청역_1,3642,2126,1516,12,535,839,1013,893,350,8,205,482,642,545,244,4,330,357,371,348,106
1001110,잠실역,5868,4338,1530,22,974,1777,1708,983,404,5,473,1328,1452,793,287,17,501,449,256,190,117
1001109,강남구 논현역_4,6478,3331,3147,14,1455,2018,1547,910,534,4,449,1080,962,500,336,10,1006,938,585,410,198
1001108,학동역,1572,574,998,3,572,548,302,96,51,0,93,229,163,57,32,3,479,319,139,39,19
1001107,방이동 먹자골목,5157,3223,1934,6,586,1287,1431,1144,703,4,264,802,986,692,475,2,322,485,445,452,228
1001106,서울 강남구 학동역_2,6033,3234,2799,25,943,1553,1214,637,1661,8,270,772,686,377,1121,17,673,781,528,260,540
1001105,서울 동작구 노량진역,3829,2175,1654,4,424,1015,971,1008,407,1,157,465,577,708,267,3,267,550,394,300,140
1001104,삼성역_3,10170,5919,4251,14,1921,3905,2787,1126,417,3,645,2207,1875,912,277,11,1276,1698,912,214,140
1001103,코엑스,22562,12970,9592,134,5387,7829,5600,2673,939,50,1825,4433,3940,2047,675,84,3562,3396,1660,626,264
1001102,서울 강남구 학동역_1,5305,3348,1957,24,1230,1615,1198,701,537,13,584,1094,827,460,370,11,646,521,371,241,167
1001101,선정릉역_2,6911,4247,2664,15,1414,2349,1639,974,520,4,511,1356,1194,765,417,11,903,993,445,209,103
1001100,강남구 논현역_3,1533,932,601,2,279,586,348,191,127,0,126,398,219,111,78,2,153,188,129,80,49
1001099,포스코사거리_2,7881,5022,2859,7,1542,3547,1826,652,307,2,642,2318,1360,475,225,5,900,1229,466,177,82
1001098,포스코사거리_1,43841,29255,14586,73,6677,17062,13423,5379,1227,28,3106,11077,10155,4064,825,45,3571,5985,3268,1315,402
1001097,잠실역 롯데월드,3871,1933,1938,80,1783,697,643,548,120,29,716,395,351,391,51,51,1067,302,292,157,69
1001096,신도림역,3373,1768,1605,8,707,1138,968,448,104,2,285,612,518,273,78,6,422,526,450,175,26
1001095,강남구 논현역_2,10089,4811,5278,31,3273,3149,2062,990,584,6,1020,1626,1341,534,284,25,2253,1523,721,456,300
1001094,선정릉역_1,1924,1381,543,4,448,668,413,188,203,2,243,475,331,150,180,2,205,193,82,38,23
1001093,신천역,5931,3190,2741,16,1050,1357,1418,1025,1065,10,423,748,737,528,744,6,627,609,681,497,321
1001092,강남구 논현역_1,3585,2076,1509,10,551,1271,1029,499,225,0,196,765,634,322,159,10,355,506,395,177,66
1001091,삼성역_2,18975,11521,7454,127,4401,7172,4236,2329,710,64,1903,4485,3014,1534,521,63,2498,2687,1222,795,189
1001090,삼정역_2,2478,1346,1132,3,614,847,526,249,239,2,198,437,341,180,188,1,416,410,185,69,51
1001089,삼정역_1,3329,1696,1633,7,827,1100,684,343,368,2,221,511,476,224,262,5,606,589,208,119,106
1001088,삼성역_1,35413,22502,12911,100,5318,9735,8891,6497,4872,51,2361,6547,6512,4031,3000,49,2957,3188,2379,2466,1872
1001087,서울 강남구 선릉역_2,7288,4707,2581,26,1227,2092,1819,1231,893,12,524,1431,1352,855,533,14,703,661,467,376,360
1001086,고속터미널역,16485,4781,11704,14,5097,5508,3494,1936,436,3,731,1636,1220,935,256,11,4366,3872,2274,1001,180
1001085,서울 서초구 강남역,33758,18836,14922,125,7773,11461,7130,4460,2809,56,2884,6572,4682,2838,1804,69,4889,4889,2448,1622,1005
1001084,서울 강남구 선릉역_1,19964,8319,11645,88,6302,5354,3633,2994,1593,47,2427,2759,1527,852,707,41,3875,2595,2106,2142,886
1001082,선릉역_2,20789,10769,10020,55,5184,6309,4657,2967,1617,18,1795,3508,2895,1552,1001,37,3389,2801,1762,1415,616
1001081,서울 강남구 역삼역_2,27706,21651,6055,37,5640,9575,7578,4322,554,20,3342,7216,6602,4049,422,17,2298,2359,976,273,132
1001080,서울 송파구 석촌역_1,37,21,16,0,2,9,10,14,2,0,1,5,4,9,2,0,1,4,6,5,0
1001078,서울 강남구 강남역_2,5638,3260,2378,24,1340,1908,1288,740,338,8,481,1058,943,540,230,16,859,850,345,200,108
1001077,선릉역_1,55373,30034,25339,263,10479,15126,14436,11968,3101,146,6469,10369,7187,3797,2066,117,4010,4757,7249,8171,1035
1001076,구로역,153,85,68,0,11,7,27,22,86,0,0,2,9,12,62,0,11,5,18,10,24
1001075,역삼역_2,4513,2557,1956,25,908,1521,1302,583,174,17,312,928,868,312,120,8,596,593,434,271,54
1001074,대림역_2,7571,5787,1784,5,1066,2103,1738,1476,1183,1,831,1851,1475,925,704,4,235,252,263,551,479
1001073,서울 강남구 역삼역_1,24525,15502,9023,97,4783,8725,6329,3016,1575,36,2094,5637,4549,2039,1147,61,2689,3088,1780,977,428
1001072,신대방삼거리역,241,109,132,0,28,53,61,54,45,0,12,24,31,20,22,0,16,29,30,34,23
1001071,서울 강남구 한티역,1139,451,688,6,212,304,291,218,108,3,54,116,129,93,56,3,158,188,162,125,52
1001070,은마아파트입구사거리_4,105,53,52,1,11,19,39,29,6,0,3,15,22,8,5,1,8,4,17,21,1
1001067,오류동역,1589,803,786,12,119,203,367,474,414,3,56,114,159,184,287,9,63,89,208,290,127
1001066,서울 강남구 강남역,41280,19424,21856,61,8734,12909,9798,6486,3292,14,2763,6617,6080,2879,1071,47,5971,6292,3718,3607,2221
1001063,교대역_4,5151,2877,2274,11,1020,1487,1255,807,571,3,340,754,759,584,437,8,680,733,496,223,134
1001062,서울 강남구 강남역_1,135689,99243,36446,640,27733,60557,35990,9439,1330,381,14094,43249,31832,8663,1024,259,13639,17308,4158,776,306
1001061,방배동카페골목,108,41,67,0,18,18,30,17,25,0,9,9,13,1,9,0,9,9,17,16,16
1001060,가락시장,17284,10739,6545,52,2462,4009,4235,4221,2305,31,1124,2683,2898,2467,1536,21,1338,1326,1337,1754,769
1001059,교대역_3,4422,2687,1735,5,537,1158,1283,920,519,3,133,525,871,712,443,2,404,633,412,208,76
1001058,역삼역_1,1540,911,629,4,261,438,373,250,214,1,88,256,255,172,139,3,173,182,118,78,75
1001057,교대역_2,3363,2149,1214,13,500,1201,844,556,249,12,174,757,614,403,189,1,326,444,230,153,60
1001056,서울 송파구 가락시장역,5029,3136,1893,5,654,1420,1282,961,707,3,281,803,855,640,554,2,373,617,427,321,153
1001055,서울 서초구 서초역,11841,4670,7171,37,3312,3338,2772,1748,634,10,986,1321,1050,838,465,27,2326,2017,1722,910,169
1001054,서울 강남구 대치역_2,1508,910,598,1,154,502,531,197,123,0,47,259,383,123,98,1,107,243,148,74,25
1001052,뱅뱅사거리_2,29870,20424,9446,308,5784,9096,8476,4413,1793,114,2866,6268,6573,3223,1380,194,2918,2828,1903,1190,413
1001051,보라매공원,14421,8102,6319,68,2512,5095,4051,1916,779,28,1160,2727,2268,1350,569,40,1352,2368,1783,566,210
1001050,교대역_1,13316,7616,5700,47,2327,4057,3513,2220,1152,5,750,2258,2314,1443,846,42,1577,1799,1199,777,306
1001049,개봉동 현대아파트 인근,145,60,85,0,12,32,27,48,26,0,2,8,8,28,14,0,10,24,19,20,12
1001048,뱅뱅사거리,7961,5087,2874,28,2538,2682,1553,849,311,7,1463,1770,1126,513,208,21,1075,912,427,336,103
1001047,뱅뱅사거리_1,11051,7880,3171,50,1883,3475,2757,1865,1021,20,1029,2580,2215,1379,657,30,854,895,542,486,364
1001046,서울 관악구 신림역_4,1027,467,560,3,170,178,252,238,186,2,59,82,137,98,89,1,111,96,115,140,97
1001045,동작구 총신대입구역_1,262,123,139,0,46,61,62,55,38,0,11,33,28,26,25,0,35,28,34,29,13
1001044,양재역_3,3614,2354,1260,8,695,1186,912,510,303,2,377,724,657,352,242,6,318,462,255,158,61
1001043,동작구 총신대입구역_2,752,321,431,7,214,179,165,99,88,2,52,83,86,48,50,5,162,96,79,51,38
1001042,서울 서초구 남부터미널역_3,1491,797,694,8,247,423,373,256,184,2,79,204,234,158,120,6,168,219,139,98,64
1001041,서울 강남구 수서역,16052,11440,4612,16,2247,4525,4061,3036,2167,7,1371,3487,3011,1935,1629,9,876,1038,1050,1101,538
1001039,서울 서초구 남부터미널역_2,10724,5529,5195,19,2238,2776,2716,1910,1065,6,1013,1561,1386,831,732,13,1225,1215,1330,1079,333
1001038,구로디지탈1단지,66367,42004,24363,278,13462,23387,16940,8272,4028,161,6365,15444,11716,5265,3053,117,7097,7943,5224,3007,975
1001037,양재역,133,61,72,0,24,57,32,9,11,0,4,26,18,4,9,0,20,31,14,5,2
1001035,매봉역,612,229,383,0,304,127,89,49,43,0,54,58,58,31,28,0,250,69,31,18,15
1001034,서울 서초구 방배역,3380,1969,1411,20,771,820,632,483,654,6,273,448,421,277,544,14,498,372,211,206,110
1001033,서울 서초구 남부터미널역_1,540,396,144,4,79,168,133,89,67,0,42,126,106,66,56,4,37,42,27,23,11
1001032,서울 관악구 신림역_2,34,17,17,0,2,5,10,9,8,0,1,4,5,4,3,0,1,1,5,5,5
1001031,서울 관악구 신림역_1,1979,936,1043,14,323,340,321,396,585,6,138,173,156,165,298,8,185,167,165,231,287
1001030,양재역_2,11338,6172,5166,105,3210,3894,2317,1205,607,33,1197,2435,1585,599,323,72,2013,1459,732,606,284
1001029,양재역_1,923,654,269,0,85,180,207,255,196,0,38,82,124,223,187,0,47,98,83,32,9
1001028,서울 관악구 서울대입구역_2,41,3,38,0,15,7,3,9,7,0,1,1,1,0,0,0,14,6,2,9,7
1001027,가산디지털단지역_3,45037,29362,15675,113,8653,15421,12565,6063,2222,63,4305,10143,9136,4049,1666,50,4348,5278,3429,2014,556
1001026,구로디지털단지역,2524,1636,888,11,526,783,638,385,181,5,248,527,433,273,150,6,278,256,205,112,31
1001025,서울 관악구 서울대입구역_1,1936,848,1088,4,333,469,491,305,334,0,89,197,218,147,197,4,244,272,273,158,137
1001024,관악구 사당역_1,3503,1459,2044,6,370,579,849,1088,611,2,182,322,310,225,418,4,188,257,539,863,193
1001023,가산디지털단지역_2,59807,36563,23244,1205,17071,18368,12983,6546,3634,513,8151,11975,9246,4094,2584,692,8920,6393,3737,2452,1050
1001022,관악구 사당역_2,494,285,209,1,106,127,107,104,49,1,54,72,59,67,32,0,52,55,48,37,17
1001021,가산디지털단지역_1,28461,19196,9265,117,4723,8390,7260,4658,3313,75,2599,5883,5216,3053,2370,42,2124,2507,2044,1605,943
1001020,장지역,4695,2900,1795,28,660,1282,1218,838,669,18,319,806,817,503,437,10,341,476,401,335,232
1001019,포이사거리_1,5851,3303,2548,13,715,1776,1822,1248,277,1,400,1191,988,531,192,12,315,585,834,717,85
1001018,포이사거리_2,8599,5946,2653,21,1007,2275,2585,1907,804,10,572,1521,1846,1376,621,11,435,754,739,531,183
1001016,서울 관악구 대학동_1,112,67,45,1,17,47,18,19,10,0,6,28,12,12,9,1,11,19,6,7,1
1001015,서울 금천구 독산1동_1,3020,1946,1074,20,446,693,730,681,450,9,216,429,474,443,375,11,230,264,256,238,75
1001013,양재 화물트럭터미널앞_2,148,70,78,0,24,50,47,17,10,0,9,14,30,10,7,0,15,36,17,7,3
1001012,양재 화물트럭터미널앞_1,4525,3730,795,11,849,1433,1153,794,285,2,589,1210,1005,687,237,9,260,223,148,107,48
1001011,서울 금천구 시흥1동_4,957,409,548,2,151,165,196,247,196,2,37,71,87,104,108,0,114,94,109,143,88
1001010,풍성로37가길,40,20,20,0,4,11,12,8,5,0,3,6,6,4,1,0,1,5,6,4,4
1001009,천호옛길,476,320,156,0,72,112,123,86,83,0,48,74,91,45,62,0,24,38,32,41,21
1001008,천호옛14길,703,384,319,7,124,133,153,167,119,2,50,74,86,96,76,5,74,59,67,71,43
1001007,천호대로219길,1366,617,749,9,70,168,247,401,471,8,30,88,142,217,132,1,40,80,105,184,339
1001006,천호대로197길,22,8,14,1,0,5,9,6,1,1,0,1,4,2,0,0,0,4,5,4,1
1001005,천호대로187길,890,509,381,0,81,203,213,206,187,0,43,124,117,112,113,0,38,79,96,94,74
1001004,천호대로170길,257,149,108,0,42,56,60,67,32,0,31,46,26,28,18,0,11,10,34,39,14
1001003,천호대로162길,1306,831,475,2,146,388,345,237,188,0,79,300,241,122,89,2,67,88,104,115,99
1001002,천중로51길,425,222,203,2,55,108,119,83,58,0,21,65,58,41,37,2,34,43,61,42,21
1001001,천중로39길,564,213,351,2,50,94,125,130,163,1,10,37,40,50,75,1,40,57,85,80,88
1001000,진황도로47길,1602,638,964,1,217,223,291,496,374,0,116,142,116,97,167,1,101,81,175,399,207
1000999,진황도로27길,579,300,279,0,63,123,161,128,104,0,22,67,92,56,63,0,41,56,69,72,41
1000998,올림픽로98길,41,17,24,0,2,6,12,11,10,0,1,1,6,3,6,0,1,5,6,8,4
1000995,올림픽로77길,21,11,10,0,0,12,4,4,1,0,0,5,2,3,1,0,0,7,2,1,0
1000994,올림픽로71길,353,258,95,0,27,107,97,80,42,0,16,82,71,57,32,0,11,25,26,23,10
1000993,올림픽로48길,6417,3785,2632,40,604,1445,1510,1398,1420,18,259,717,826,911,1054,22,345,728,684,487,366
1000992,양재대로96길,1304,791,513,0,107,213,263,372,349,0,66,125,145,209,246,0,41,88,118,163,103
1000991,양재대로95길,604,312,292,2,61,117,160,167,97,1,29,55,89,73,65,1,32,62,71,94,32
1000990,양재대로91길,1119,618,501,1,124,203,256,248,287,0,57,125,147,121,168,1,67,78,109,127,119
1000989,양재대로133길,358,133,225,0,40,79,70,101,68,0,7,43,29,28,26,0,33,36,41,73,42
1000988,양재대로124길,581,330,251,0,58,132,123,132,136,0,26,78,77,61,88,0,32,54,46,71,48
1000987,양재대로116길,213,88,125,0,20,43,52,66,32,0,8,16,21,28,15,0,12,27,31,38,17
1000986,양재대로101길,1389,809,580,2,141,278,323,297,348,0,45,133,185,186,260,2,96,145,138,111,88
1000985,암사길,395,174,221,0,29,114,113,97,42,0,3,52,51,46,22,0,26,62,62,51,20
1000984,성안로3길,1338,764,574,0,209,303,355,284,187,0,97,185,214,133,135,0,112,118,141,151,52
1000983,성내로5길,1078,551,527,1,165,283,277,278,74,0,56,145,134,161,55,1,109,138,143,117,19
1000982,상일로5길,41,23,18,0,3,6,10,12,10,0,1,4,5,6,7,0,2,2,5,6,3
1000981,상암로5길,566,238,328,2,62,92,119,139,152,2,15,42,46,54,79,0,47,50,73,85,73
1000980,상암로51길,788,343,445,3,137,149,188,166,145,2,37,70,89,62,83,1,100,79,99,104,62
1000979,상암로4길,204,131,73,0,29,57,66,42,10,0,18,48,44,15,6,0,11,9,22,27,4
1000978,상암로14길,407,217,190,1,56,90,127,81,52,1,22,44,78,36,36,0,34,46,49,45,16
1000977,명일로13길,104,47,57,0,3,14,26,47,14,0,1,4,8,24,10,0,2,10,18,23,4
1000976,동남로85길,116,66,50,0,6,31,32,32,15,0,3,23,16,13,11,0,3,8,16,19,4
1000975,동남로82길,10,4,6,0,0,1,1,6,2,0,0,0,1,1,2,0,0,1,0,5,0
1000974,동남로65길,81,25,56,0,2,9,20,23,27,0,2,3,6,5,9,0,0,6,14,18,18
1000973,구천면로42길,347,193,154,3,46,70,80,75,73,1,25,36,46,38,47,2,21,34,34,37,26
1000972,구천면로41길,583,246,337,0,55,157,165,147,59,0,14,69,79,57,27,0,41,88,86,90,32
1000971,구천면로36길,40,23,17,0,5,9,11,11,4,0,2,5,7,5,4,0,3,4,4,6,0
1000969,고덕로25길,14,8,6,0,0,6,6,1,1,0,0,4,4,0,0,0,0,2,2,1,1
1000968,고덕로10길,181,84,97,0,15,44,39,55,28,0,6,25,19,19,15,0,9,19,20,36,13
1000967,강동대로53길,887,492,395,3,146,217,229,197,95,0,62,138,119,109,64,3,84,79,110,88,31
1000966,풍성로25길,787,283,504,1,113,202,191,165,115,0,32,90,61,52,48,1,81,112,130,113,67
1000965,오금로46길,1431,710,721,10,257,360,359,304,141,6,90,188,187,151,88,4,167,172,172,153,53
1000964,오금로36길,1297,935,362,3,184,398,390,245,77,0,94,271,323,185,62,3,90,127,67,60,15
1000963,오금로11길,2163,1389,774,14,277,488,498,440,446,8,135,350,311,246,339,6,142,138,187,194,107
1000962,양재대로72길,621,301,320,1,72,138,165,153,92,1,18,68,75,69,70,0,54,70,90,84,22
1000961,양재대로71길,1434,887,547,5,210,420,327,250,222,2,71,232,227,180,175,3,139,188,100,70,47
1000960,양재대로64길,1458,635,823,3,381,474,325,172,103,0,77,179,187,119,73,3,304,295,138,53,30
1000959,양재대로62길,7052,4459,2593,5,239,416,591,862,4939,1,122,258,372,418,3288,4,117,158,219,444,1651
1000958,송파대로30길,1629,990,639,6,270,365,395,367,226,1,147,253,246,204,139,5,123,112,149,163,87
1000957,송이로36길,1947,1366,581,9,359,394,465,438,282,5,240,285,304,303,229,4,119,109,161,135,53
1000956,송이로32길,732,412,320,3,63,134,214,217,101,1,27,88,126,107,63,2,36,46,88,110,38
1000955,송이로23길,1442,912,530,3,142,280,331,325,361,3,66,160,189,220,274,0,76,120,142,105,87
1000954,삼전로13길,1633,731,902,5,231,370,388,321,318,2,69,159,160,133,208,3,162,211,228,188,110
1000953,백제고분로50길,1512,922,590,4,200,376,431,310,191,3,81,238,268,193,139,1,119,138,163,117,52
1000952,백제고분로46길,1619,955,664,3,237,393,409,331,246,2,102,225,267,201,158,1,135,168,142,130,88
1000951,백제고분로45길,504,326,178,2,90,108,118,115,71,2,60,68,78,72,46,0,30,40,40,43,25
1000950,백제고분로42길,124,79,45,0,22,18,38,35,11,0,16,11,22,21,9,0,6,7,16,14,2
1000949,백제고분로39길,1696,1248,448,2,262,732,406,204,90,1,190,652,288,70,47,1,72,80,118,134,43
1000948,백제고분로34길,1516,980,536,7,182,365,451,334,177,4,89,238,309,215,125,3,93,127,142,119,52
1000947,백제고분로33길,1104,708,396,0,124,277,312,265,126,0,68,172,204,171,93,0,56,105,108,94,33
1000946,백제고분로32길,1121,500,621,3,132,216,252,340,178,3,39,96,119,142,101,0,93,120,133,198,77
1000945,백제고분로31길,347,186,161,0,21,58,104,107,57,0,10,34,62,54,26,0,11,24,42,53,31
1000944,백제고분로22길,1205,721,484,2,86,202,283,283,349,0,36,112,168,144,261,2,50,90,115,139,88
1000943,백제고분로21길,205,136,69,0,27,49,39,47,43,0,8,28,24,35,41,0,19,21,15,12,2
1000942,마천로51길,157,67,90,0,17,24,39,41,36,0,9,12,11,16,19,0,8,12,28,25,17
1000941,동남로20길,155,82,73,0,22,22,40,48,23,0,9,11,22,28,12,0,13,11,18,20,11
1000940,거마로20길,527,228,299,0,96,139,142,117,33,0,35,65,62,47,19,0,61,74,80,70,14
1000939,학동로77길,2922,1463,1459,2,287,720,639,719,555,1,76,267,281,470,368,1,211,453,358,249,187
1000938,학동로6길,1698,886,812,8,304,515,419,275,177,1,126,299,244,121,95,7,178,216,175,154,82
1000937,학동로56길,893,439,454,3,89,248,254,210,89,1,24,94,125,129,66,2,65,154,129,81,23
1000936,학동로38길,6922,4029,2893,15,1621,2062,1521,1019,684,6,583,1133,1017,754,536,9,1038,929,504,265,148
1000935,테헤란로81길,524,204,320,3,207,195,80,19,20,3,72,72,27,12,18,0,135,123,53,7,2
1000934,일원로9길,489,274,215,1,44,72,107,119,146,0,15,46,67,56,90,1,29,26,40,63,56
1000933,일원로3길,234,125,109,0,15,43,74,71,31,0,8,34,42,28,13,0,7,9,32,43,18
1000932,영동대로65길,3214,1853,1361,9,581,1091,796,457,280,5,260,656,535,225,172,4,321,435,261,232,108
1000931,영동대로112길,628,391,237,5,112,191,159,96,65,3,55,130,111,54,38,2,57,61,48,42,27
1000930,언주로81길,9998,4857,5141,38,2656,2783,2186,1526,809,11,884,1512,1335,758,357,27,1772,1271,851,768,452
1000929,압구정로2길,2822,1499,1323,26,699,889,671,326,211,5,244,520,413,162,155,21,455,369,258,164,56
1000928,선릉로18길,348,204,144,1,29,53,68,88,109,1,10,34,42,45,72,0,19,19,26,43,37
1000927,선릉로146길,1923,986,937,4,478,716,394,201,130,1,199,386,233,99,68,3,279,330,161,102,62
1000926,선릉로133길,270,147,123,0,50,76,59,42,43,0,19,42,34,22,30,0,31,34,25,20,13
1000925,선릉로132길,1089,619,470,1,133,282,225,228,220,0,41,127,125,158,168,1,92,155,100,70,52
1000924,선릉로121길,1565,874,691,6,282,614,373,184,106,3,102,321,250,124,74,3,180,293,123,60,32
1000923,삼성로75길,2635,1450,1185,4,612,706,541,465,307,0,238,350,315,313,234,4,374,356,226,152,73
1000922,삼성로69길,357,181,176,0,99,119,78,46,15,0,29,63,48,28,13,0,70,56,30,18,2
1000921,삼성로64길,522,249,273,0,126,162,111,82,41,0,36,78,73,39,23,0,90,84,38,43,18
1000920,삼성로63길,245,96,149,2,55,35,75,58,20,2,20,12,28,22,12,0,35,23,47,36,8
1000919,삼성로57길,846,267,579,10,134,271,216,138,77,4,36,66,68,48,45,6,98,205,148,90,32
1000918,삼성로147길,874,357,517,2,220,277,165,124,86,1,52,108,78,65,53,1,168,169,87,59,33
1000917,삼성로115길,256,151,105,0,37,92,58,40,29,0,11,60,40,24,16,0,26,32,18,16,13
1000916,봉은사로68길,204,91,113,0,49,58,55,24,18,0,11,26,31,13,10,0,38,32,24,11,8
1000915,봉은사로57길,1141,708,433,4,333,356,240,137,71,1,117,226,183,115,66,3,216,130,57,22,5
1000914,봉은사로43길,1058,705,353,12,237,344,260,113,92,8,142,223,189,80,63,4,95,121,71,33,29
1000913,봉은사로29길,138,95,43,0,27,52,28,23,8,0,14,40,21,15,5,0,13,12,7,8,3
1000912,봉은사로109길,329,175,154,0,71,88,71,50,49,0,23,51,38,33,30,0,48,37,33,17,19
1000911,도산대로89길,2258,953,1305,21,585,798,443,268,143,2,148,329,238,139,97,19,437,469,205,129,46
1000910,도산대로81길,4192,1529,2663,30,1511,1280,791,377,203,5,478,534,267,135,110,25,1033,746,524,242,93
1000909,도산대로50길,2731,1870,861,3,242,450,568,803,665,1,146,340,487,560,336,2,96,110,81,243,329
1000908,도산대로38길,163,91,72,2,44,37,36,30,14,0,16,25,22,21,7,2,28,12,14,9,7
1000907,도산대로30길,3304,1620,1684,5,912,1132,729,366,160,3,324,571,410,191,121,2,588,561,319,175,39
1000906,도산대로23길,1448,886,562,1,402,393,278,174,200,0,161,236,190,126,173,1,241,157,88,48,27
1000905,도산대로15길,1632,760,872,7,556,576,281,136,76,4,210,290,150,67,39,3,346,286,131,69,37
1000904,도곡로37길,4197,2203,1994,10,925,1317,1089,596,260,4,250,721,706,331,191,6,675,596,383,265,69
1000903,논현로8길,783,440,343,5,152,216,197,132,81,2,81,149,91,60,57,3,71,67,106,72,24
1000902,논현로63길,3203,2261,942,7,414,887,891,664,340,2,201,566,692,498,302,5,213,321,199,166,38
1000901,논현로28길,10510,7244,3266,16,2109,4090,2580,1092,623,9,1029,2705,2018,936,547,7,1080,1385,562,156,76
1000900,논현로26길,7670,5050,2620,30,1204,2053,1599,1114,1670,23,666,1593,1292,746,730,7,538,460,307,368,940
1000898,논현로139길,2712,1278,1434,5,742,969,536,239,221,3,184,491,339,109,152,2,558,478,197,130,69
1000897,논현로123길,100,59,41,0,18,28,22,22,10,0,9,18,14,13,5,0,9,10,8,9,5
1000896,논현로115길,2806,1441,1365,3,657,1020,655,249,222,0,206,512,431,145,147,3,451,508,224,104,75
1000895,논현로10길,2570,1650,920,6,241,503,640,608,572,2,117,343,408,381,399,4,124,160,232,227,173
1000894,논현로106길,2765,1572,1193,6,414,638,678,600,429,4,177,430,423,275,263,2,237,208,255,325,166
1000893,남부순환로365길,171,122,49,0,20,38,51,41,21,0,9,28,36,34,15,0,11,10,15,7,6
1000891,개포로28길,296,193,103,0,39,84,66,73,34,0,19,59,50,41,24,0,20,25,16,32,10
1000890,개포로20길,4215,2408,1807,8,570,943,1118,983,593,5,237,560,614,521,471,3,333,383,504,462,122
1000889,개포로17길,2622,1698,924,6,289,692,756,568,311,3,137,432,523,362,241,3,152,260,233,206,70
1000888,강남대로140길,4005,2014,1991,10,732,1091,834,800,538,3,190,523,519,393,386,7,542,568,315,407,152
1000887,강남대로136길,1294,759,535,4,275,449,340,133,93,1,104,252,240,86,76,3,171,197,100,47,17
1000886,강남대로118길,588,330,258,2,81,147,138,86,134,0,21,72,88,51,98,2,60,75,50,35,36
1000885,서초중앙로8길,7653,5747,1906,10,1199,2392,2152,1482,418,4,731,1818,1738,1118,338,6,468,574,414,364,80
1000884,방배중앙로21길,1297,640,657,6,200,246,287,306,252,3,72,124,159,135,147,3,128,122,128,171,105
1000883,효령로72길,204,124,80,2,45,34,51,45,27,0,15,24,30,34,21,2,30,10,21,11,6
1000882,효령로34길,37,31,6,0,1,7,10,9,10,0,0,4,10,7,10,0,1,3,0,2,0
1000881,효령로31길,1329,705,624,2,309,315,353,214,136,1,75,165,230,130,104,1,234,150,123,84,32
1000880,효령로23길,732,433,299,3,136,164,209,138,82,2,54,93,133,89,62,1,82,71,76,49,20
1000879,청두곶길,2220,1352,868,21,547,568,570,390,124,3,266,397,336,264,86,18,281,171,234,126,38
1000878,주흥길,333,224,109,0,40,108,100,60,25,0,20,67,73,42,22,0,20,41,27,18,3
1000877,주흥15길,1480,947,533,2,305,442,332,189,210,2,157,278,250,118,142,0,148,164,82,71,68
1000876,언남길,1642,1109,533,5,230,437,511,301,158,3,123,297,357,216,113,2,107,140,154,85,45
1000875,신반포로45길,451,275,176,2,81,125,93,67,83,2,30,73,70,46,54,0,51,52,23,21,29
1000874,서초대로8길,248,125,123,0,36,56,88,43,25,0,13,33,44,23,12,0,23,23,44,20,13
1000873,서초대로64길,623,435,188,2,99,134,163,128,97,0,48,83,125,107,72,2,51,51,38,21,25
1000872,서초대로4길,652,473,179,1,76,166,169,131,109,1,55,116,135,95,71,0,21,50,34,36,38
1000871,서초대로25길,3904,2399,1505,13,785,1180,1006,674,246,9,361,724,697,436,172,4,424,456,309,238,74
1000870,서초대로23길,556,339,217,0,76,162,128,65,125,0,35,102,78,34,90,0,41,60,50,31,35
1000869,서초대로15길,1535,711,824,7,171,349,414,358,236,3,41,161,195,141,170,4,130,188,219,217,66
1000868,사평대로57길,177,66,111,2,41,57,34,19,24,0,10,28,17,10,1,2,31,29,17,9,23
1000867,사평대로26길,13,9,4,0,0,1,4,3,5,0,0,1,2,3,3,0,0,0,2,0,2
1000866,사평대로22길,1484,903,581,34,357,381,343,242,127,11,196,248,221,162,65,23,161,133,122,80,62
1000865,사임당로17길,1851,1124,727,11,365,621,416,265,173,6,144,370,282,181,141,5,221,251,134,84,32
1000864,방배로42길,126,58,68,1,21,29,37,11,27,1,3,10,22,3,19,0,18,19,15,8,8
1000863,방배로35길,2371,1505,866,11,330,564,496,457,513,4,141,363,322,297,378,7,189,201,174,160,135
1000862,방배로18길,77,45,32,0,19,24,18,6,10,0,12,10,13,3,7,0,7,14,5,3,3
1000861,반포대로9길,658,422,236,2,131,161,180,107,77,2,64,100,125,77,54,0,67,61,55,30,23
1000860,바우뫼로39길,2652,1560,1092,11,328,651,523,474,665,8,155,423,366,259,349,3,173,228,157,215,316
1000859,마방로2길,3850,2366,1484,13,648,1125,930,811,323,6,276,713,627,517,227,7,372,412,303,294,96
1000858,방배천로4안길,1298,851,447,1,126,311,378,326,156,1,60,197,275,231,87,0,66,114,103,95,69
1000857,동산로19길,1298,847,451,0,146,384,340,253,175,0,70,250,236,170,121,0,76,134,104,83,54
1000856,동산로10길,2806,1517,1289,21,355,572,655,669,534,16,192,378,345,306,280,5,163,194,310,363,254
1000855,동광로39길,54,27,27,0,8,4,20,12,10,0,2,2,9,9,5,0,6,2,11,3,5
1000854,동광로1길,966,534,432,3,148,237,236,168,174,2,64,136,138,91,103,1,84,101,98,77,71
1000853,동광로12길,794,508,286,3,92,185,231,158,125,2,38,110,153,111,94,1,54,75,78,47,31
1000852,논현로27길,3588,2542,1046,16,564,913,978,719,398,9,282,611,712,592,336,7,282,302,266,127,62
1000851,논현로1길,550,355,195,0,86,168,130,88,78,0,47,119,92,55,42,0,39,49,38,33,36
1000850,남부순환로339길,13336,5891,7445,66,3615,3244,2855,2578,978,46,1545,1848,1292,707,453,20,2070,1396,1563,1871,525
1000849,남부순환로325길,8261,3970,4291,17,1140,3138,2005,1374,587,6,445,1268,1067,771,413,11,695,1870,938,603,174
1000848,남부순환로317길,1663,1135,528,5,331,586,362,172,207,3,173,421,271,126,141,2,158,165,91,46,66
1000847,고무래로8길,6501,3376,3125,14,783,1701,1658,1272,1073,3,224,757,939,803,650,11,559,944,719,469,423
1000846,강남대로8길,2603,1629,974,3,249,637,722,627,365,0,128,400,479,374,248,3,121,237,243,253,117
1000845,강남대로34길,1069,705,364,1,214,384,240,128,102,0,117,268,159,76,85,1,97,116,81,52,17
1000844,강남대로23길,7309,5154,2155,19,1146,1742,1763,1725,914,12,760,1311,1376,1085,610,7,386,431,387,640,304
1000843,소담길,34,11,23,0,4,11,5,11,3,0,0,5,2,3,1,0,4,6,3,8,2
1000842,원신길,297,116,181,0,35,91,51,71,49,0,6,34,27,32,17,0,29,57,24,39,32
1000840,양산길,356,242,114,0,34,46,69,103,104,0,8,22,43,76,93,0,26,24,26,27,11
1000839,호암로24길,788,262,526,1,70,119,196,226,176,1,19,63,82,39,58,0,51,56,114,187,118
1000838,호암로20길,55,29,26,0,5,8,12,18,12,0,2,4,6,9,8,0,3,4,6,9,4
1000837,행운길,21,5,16,0,0,3,8,9,1,0,0,2,1,2,0,0,0,1,7,7,1
1000836,행운1길,105,71,34,0,5,25,37,22,16,0,4,12,28,13,14,0,1,13,9,9,2
1000835,청림3길,74,37,37,0,11,15,19,22,7,0,2,8,10,11,6,0,9,7,9,11,1
1000834,청룡길,89,48,41,0,23,30,20,11,5,0,9,16,13,8,2,0,14,14,7,3,3
1000833,청룡8길,10,5,5,0,1,3,1,2,3,0,0,2,0,1,2,0,1,1,1,1,1
1000832,중앙길,260,94,166,0,41,44,70,65,40,0,3,11,27,35,18,0,38,33,43,30,22
1000831,조원중앙로2길,1189,848,341,0,113,345,273,306,152,0,67,230,203,228,120,0,46,115,70,78,32
1000830,조원로18길,1045,551,494,1,125,251,241,266,161,1,42,154,130,142,82,0,83,97,111,124,79
1000829,조원로10길,275,121,154,0,58,53,57,55,52,0,19,23,20,27,32,0,39,30,37,28,20
1000828,장군봉2길,400,277,123,0,29,102,118,105,46,0,14,60,83,82,38,0,15,42,35,23,8
1000827,장군봉1길,83,16,67,0,7,28,26,18,4,0,2,4,3,3,4,0,5,24,23,15,0
1000826,인헌길,82,52,30,0,6,21,25,17,13,0,5,15,15,9,8,0,1,6,10,8,5
1000825,은천로25길,284,92,192,0,50,63,72,54,45,0,2,17,29,23,21,0,48,46,43,31,24
1000824,양녕로6길,822,465,357,4,98,165,200,196,159,4,46,80,123,121,91,0,52,85,77,75,68
1000823,신원로3길,25,14,11,0,3,6,12,3,1,0,2,3,6,2,1,0,1,3,6,1,0
1000822,신사로20길,44,14,30,0,12,9,6,12,5,0,2,0,4,6,2,0,10,9,2,6,3
1000820,신림로64길,242,118,124,2,34,58,69,56,23,1,16,35,28,25,13,1,18,23,41,31,10
1000819,신림로48길,69,33,36,0,10,13,16,15,15,0,3,5,7,7,11,0,7,8,9,8,4
1000818,신림로38길,60,33,27,0,5,16,15,11,13,0,1,13,6,5,8,0,4,3,9,6,5
1000817,신림로28길,328,227,101,0,18,46,80,93,91,0,9,17,41,74,86,0,9,29,39,19,5
1000816,신림로11길,470,420,50,0,8,26,131,229,76,0,4,17,121,211,67,0,4,9,10,18,9
1000815,신림동길,354,198,156,2,56,87,79,81,49,0,28,54,51,39,26,2,28,33,28,42,23
1000814,승방길,571,365,206,0,82,173,165,98,53,0,35,125,124,50,31,0,47,48,41,48,22
1000813,서림7길,289,116,173,0,21,66,87,86,29,0,11,30,28,34,13,0,10,36,59,52,16
1000812,봉천로33길,308,199,109,0,39,60,89,71,49,0,24,41,57,43,34,0,15,19,32,28,15
1000811,봉천로13길,318,88,230,0,19,49,98,102,50,0,3,13,32,22,18,0,16,36,66,80,32
1000810,복은길,155,55,100,0,12,21,31,52,39,0,2,10,15,20,8,0,10,11,16,32,31
1000809,법원단지길,2,2,0,0,0,0,2,0,0,0,0,0,2,0,0,0,0,0,0,0,0
1000808,법원단지9길,87,39,48,0,13,27,11,22,14,0,4,16,4,7,8,0,9,11,7,15,6
1000807,미성5길,77,44,33,0,6,14,15,20,22,0,2,7,9,10,16,0,4,7,6,10,6
1000806,대학길,75,39,36,0,5,21,20,21,8,0,3,13,11,9,3,0,2,8,9,12,5
1000805,대학14길,13,4,9,0,1,2,1,3,6,0,0,2,0,2,0,0,1,0,1,1,6
1000804,당곡길,386,205,181,0,42,77,103,87,77,0,21,35,55,37,57,0,21,42,48,50,20
1000803,남현길,224,76,148,0,28,62,58,51,25,0,5,16,24,15,16,0,23,46,34,36,9
1000802,남현3길,270,140,130,0,45,63,89,46,27,0,9,32,49,27,23,0,36,31,40,19,4
1000800,남부순환로248길,251,112,139,1,28,64,69,59,30,0,8,32,20,33,19,1,20,32,49,26,11
1000799,남부순환로234길,173,116,57,1,20,37,47,38,30,1,9,22,36,25,23,0,11,15,11,13,7
1000798,남부순환로172길,1264,685,579,1,93,227,290,378,275,1,34,119,153,199,179,0,59,108,137,179,96
1000797,남부순환로161길,31,12,19,0,3,5,15,5,3,0,1,1,7,2,1,0,2,4,8,3,2
1000796,남부순환로151길,200,144,56,0,11,31,53,69,36,0,7,19,43,44,31,0,4,12,10,25,5
1000795,남부순환로142길,93,49,44,0,13,12,22,27,19,0,4,9,6,19,11,0,9,3,16,8,8
1000794,난향길,177,42,135,0,16,47,57,42,15,0,2,6,12,10,12,0,14,41,45,32,3
1000793,난우길,426,159,267,0,29,68,104,111,114,0,5,21,53,39,41,0,24,47,51,72,73
1000792,난곡로74길,117,53,64,0,16,32,27,28,14,0,2,12,16,15,8,0,14,20,11,13,6
1000791,난곡로34길,25,7,18,0,6,2,9,5,3,0,0,0,3,2,2,0,6,2,6,3,1
1000790,난곡로26길,141,50,91,0,9,27,50,40,15,0,1,11,17,12,9,0,8,16,33,28,6
1000789,난곡로24길,26,16,10,0,0,5,10,10,1,0,0,3,5,7,1,0,0,2,5,3,0
1000788,낙성대역길,698,446,252,0,61,104,131,182,220,0,15,57,62,125,187,0,46,47,69,57,33
1000787,국회단지길,572,272,300,0,102,114,158,127,71,0,18,61,104,53,36,0,84,53,54,74,35
1000786,구암길,88,34,54,0,11,19,30,17,11,0,4,8,8,7,7,0,7,11,22,10,4
1000785,관천로22길,19,6,13,0,3,3,7,2,4,0,1,1,3,0,1,0,2,2,4,2,3
1000784,관천로15길,150,82,68,1,19,24,46,32,28,1,5,16,25,13,22,0,14,8,21,19,6
1000783,관악로30길,187,62,125,1,25,40,44,41,36,0,6,13,16,12,15,1,19,27,28,29,21
1000782,관악로28길,151,71,80,0,13,19,44,30,45,0,2,4,10,15,40,0,11,15,34,15,5
1000781,관악로14길,464,257,207,6,114,85,88,90,81,0,49,54,52,40,62,6,65,31,36,50,19
1000780,관악로10길,223,156,67,0,23,49,75,44,32,0,11,37,56,30,22,0,12,12,19,14,10
1000779,흑석로9길,171,71,100,1,32,39,34,41,24,0,13,22,14,15,7,1,19,17,20,26,17
1000778,흑석로13길,149,11,138,0,57,44,25,13,10,0,3,2,2,1,3,0,54,42,23,12,7
1000777,장승배기로27길,46,21,25,0,5,4,14,15,8,0,1,1,8,6,5,0,4,3,6,9,3
1000776,장승배기로19길,8,4,4,0,1,2,0,4,1,0,0,0,0,3,1,0,1,2,0,1,0
1000774,여의대방로46길,465,161,304,1,49,141,137,97,40,0,10,46,37,39,29,1,39,95,100,58,11
1000773,여의대방로24길,18249,9804,8445,54,3451,3244,3060,4707,3733,34,2546,2578,1565,1560,1521,20,905,666,1495,3147,2212
1000772,여의대방로22카길,306,125,181,0,28,41,98,94,45,0,9,27,44,29,16,0,19,14,54,65,29
1000771,여의대방로22나길,129,52,77,0,10,29,35,39,16,0,4,8,12,19,9,0,6,21,23,20,7
1000770,여의대방로22길,248,147,101,0,48,41,45,65,49,0,19,32,24,36,36,0,29,9,21,29,13
1000769,양녕로26길,135,67,68,0,13,21,26,46,29,0,1,11,11,21,23,0,12,10,15,25,6
1000768,신대방길,99,63,36,0,6,20,32,20,21,0,2,11,19,17,14,0,4,9,13,3,7
1000767,성대로29길,3,2,1,0,0,1,2,0,0,0,0,0,2,0,0,0,0,1,0,0,0
1000766,성대로1길,343,143,200,0,20,62,93,76,92,0,8,37,40,30,28,0,12,25,53,46,64
1000765,서달로8가길,247,99,148,1,26,45,56,60,59,0,7,16,19,23,34,1,19,29,37,37,25
1000763,서달로14길,42,18,24,0,13,5,12,5,7,0,4,3,5,1,5,0,9,2,7,4,2
1000762,서달로10길,66,32,34,0,2,20,12,26,6,0,1,10,7,11,3,0,1,10,5,15,3
1000761,상도로62길,185,56,129,1,14,39,54,45,32,0,1,10,11,17,17,1,13,29,43,28,15
1000760,상도로61길,46,21,25,0,11,8,11,11,5,0,2,3,6,5,5,0,9,5,5,6,0
1000759,상도로47길,46,33,13,0,8,15,9,10,4,0,6,12,4,7,4,0,2,3,5,3,0
1000758,상도로37길,1920,932,988,31,288,471,506,413,211,0,70,281,289,198,94,31,218,190,217,215,117
1000757,상도로15길,359,155,204,0,43,72,112,93,39,0,12,29,56,44,14,0,31,43,56,49,25
1000756,사당로8길,121,66,55,0,11,24,34,26,26,0,2,10,21,15,18,0,9,14,13,11,8
1000755,사당로30길,298,204,94,0,13,78,113,68,26,0,6,51,75,53,19,0,7,27,38,15,7
1000754,사당로2차길,113,76,37,1,37,22,21,20,12,1,30,11,15,11,8,0,7,11,6,9,4
1000753,사당로29길,26,22,4,0,1,2,4,8,11,0,1,1,3,6,11,0,0,1,1,2,0
1000752,사당로26길,260,148,112,0,35,44,83,62,36,0,12,29,55,32,20,0,23,15,28,30,16
1000751,사당로23나길,141,45,96,0,7,21,48,31,34,0,2,4,13,5,21,0,5,17,35,26,13
1000750,사당로23길,16,12,4,0,2,3,4,5,2,0,2,2,3,3,2,0,0,1,1,2,0
1000749,사당로20길,194,146,48,0,7,19,76,57,35,0,2,14,60,40,30,0,5,5,16,17,5
1000748,사당로16길,135,40,95,0,8,24,44,46,13,0,1,5,16,9,9,0,7,19,28,37,4
1000747,사당로16가길,772,471,301,0,29,54,92,114,483,0,20,29,48,55,319,0,9,25,44,59,164
1000746,만양로8길,95,46,49,0,15,25,21,18,16,0,6,12,11,8,9,0,9,13,10,10,7
1000745,만양로14길,347,154,193,1,38,80,91,78,59,0,12,31,42,36,33,1,26,49,49,42,26
1000744,등용로14길,670,456,214,1,99,194,181,98,97,1,65,150,134,53,53,0,34,44,47,45,44
1000743,동작대로7길,1829,746,1083,4,370,381,421,405,248,3,67,142,196,179,159,1,303,239,225,226,89
1000742,동작대로35길,945,116,829,0,68,82,212,404,179,0,16,27,34,19,20,0,52,55,178,385,159
1000741,동작대로33길,106,56,50,0,15,22,21,29,19,0,3,12,10,18,13,0,12,10,11,11,6
1000740,동작대로29길,38,21,17,0,4,7,13,8,6,0,3,5,4,5,4,0,1,2,9,3,2
1000739,동작대로17길,1402,710,692,2,215,349,438,276,122,2,57,166,237,172,76,0,158,183,201,104,46
1000738,대방동2길,462,215,247,0,52,120,130,114,46,0,10,63,69,50,23,0,42,57,61,64,23
1000737,대방동27길,125,78,47,0,3,31,32,35,24,0,2,18,17,22,19,0,1,13,15,13,5
1000736,노량진로6길,100,28,72,0,6,25,26,30,13,0,2,7,5,11,3,0,4,18,21,19,10
1000735,국사봉길,48,9,39,0,3,13,11,11,10,0,0,5,2,0,2,0,3,8,9,11,8
1000734,국사봉2길,50,18,32,0,9,8,8,13,12,0,1,2,4,5,6,0,8,6,4,8,6
1000733,국사봉1길,9,3,6,0,1,2,1,5,0,0,0,1,0,2,0,0,1,1,1,3,0
1000732,영신로9길,344,178,166,0,44,79,101,76,44,0,17,42,51,38,30,0,27,37,50,38,14
1000731,영등포로84길,378,96,282,3,55,60,56,114,90,0,12,30,18,19,17,3,43,30,38,95,73
1000730,영등포로80길,55,30,25,1,8,13,9,10,14,1,4,2,6,5,12,0,4,11,3,5,2
1000729,영등포로62길,7,4,3,0,0,2,2,2,1,0,0,2,1,1,0,0,0,0,1,1,1
1000728,영등포로35길,89,54,35,0,10,24,24,24,7,0,6,16,18,10,4,0,4,8,6,14,3
1000727,영등포로27길,301,171,130,0,24,66,99,78,34,0,11,34,55,41,30,0,13,32,44,37,4
1000724,여의대방로43나길,957,683,274,0,22,70,160,320,385,0,9,38,115,233,288,0,13,32,45,87,97
1000723,여의대방로39길,7,3,4,0,1,0,2,4,0,0,1,0,1,1,0,0,0,0,1,3,0
1000722,여의대방로35길,876,459,417,4,127,202,225,158,160,3,51,93,111,89,112,1,76,109,114,69,48
1000721,양평로28길,624,496,128,7,38,106,162,207,104,7,28,70,135,169,87,0,10,36,27,38,17
1000720,양평로22라길,29,15,14,0,3,9,9,3,5,0,2,4,2,2,5,0,1,5,7,1,0
1000719,양평로19길,4563,3515,1048,17,814,1877,1284,434,137,0,416,1529,1104,358,108,17,398,348,180,76,29
1000718,신길로60길,497,187,310,1,35,127,139,129,66,1,6,54,60,43,23,0,29,73,79,86,43
1000717,신길로42길,376,182,194,0,52,84,94,90,56,0,21,39,49,41,32,0,31,45,45,49,24
1000716,신길로42가길,99,33,66,0,9,22,27,24,17,0,2,9,10,6,6,0,7,13,17,18,11
1000715,신길로39길,129,52,77,1,8,26,33,29,32,1,1,10,16,10,14,0,7,16,17,19,18
1000714,신길로17길,52,35,17,0,0,3,12,24,13,0,0,3,6,16,10,0,0,0,6,8,3
1000713,선유서로28길,389,214,175,2,42,81,88,103,73,0,18,45,50,61,40,2,24,36,38,42,33
1000712,선유서로25길,2563,1872,691,6,259,634,591,531,542,3,163,503,437,386,380,3,96,131,154,145,162
1000711,선유서로24길,365,209,156,0,21,59,148,97,40,0,6,23,80,71,29,0,15,36,68,26,11
1000710,선유로55길,2479,1517,962,3,434,719,628,452,243,2,205,463,405,274,168,1,229,256,223,178,75
1000709,디지털로74길,46,30,16,0,6,17,12,9,2,0,4,13,9,4,0,0,2,4,3,5,2
1000708,디지털로57길,10,4,6,0,0,4,3,2,1,0,0,2,0,1,1,0,0,2,3,1,0
1000707,디지털로37길,215,99,116,0,23,57,49,47,39,0,7,29,21,19,23,0,16,28,28,28,16
1000706,도신로62길,189,58,131,0,17,44,68,50,10,0,5,18,15,15,5,0,12,26,53,35,5
1000705,도신로60길,64,12,52,0,1,3,11,21,28,0,0,1,5,4,2,0,1,2,6,17,26
1000704,도신로29길,81,35,46,1,3,6,16,31,24,0,3,3,12,8,9,1,0,3,4,23,15
1000703,도신로15길,85,43,42,0,8,20,28,19,10,0,2,9,16,10,6,0,6,11,12,9,4
1000702,도림천로21길,88,36,52,0,23,20,14,16,15,0,9,7,6,4,10,0,14,13,8,12,5
1000701,도림로63길,30,21,9,0,2,4,9,7,8,0,2,3,6,4,6,0,0,1,3,3,2
1000700,도림로147길,1783,1289,494,0,108,321,519,570,265,0,66,231,363,420,209,0,42,90,156,150,56
1000699,도림로112길,27,16,11,0,1,5,8,5,8,0,1,4,7,3,1,0,0,1,1,2,7
1000698,대림로8길,1910,568,1342,0,641,496,355,276,142,0,106,154,124,108,76,0,535,342,231,168,66
1000697,대림로7길,10,6,4,0,1,0,2,6,1,0,1,0,2,3,0,0,0,0,0,3,1
1000696,대림로44길,29,16,13,0,1,6,7,8,7,0,0,3,4,5,4,0,1,3,3,3,3
1000695,대림로34길,192,81,111,0,28,36,64,44,20,0,10,10,27,24,10,0,18,26,37,20,10
1000694,대림로31길,1055,545,510,6,154,138,179,328,250,4,87,83,81,150,140,2,67,55,98,178,110
1000693,대림로29길,1809,920,889,5,238,348,448,418,352,2,58,145,213,232,270,3,180,203,235,186,82
1000692,대림로22길,377,215,162,1,19,58,130,104,65,0,6,36,78,57,38,1,13,22,52,47,27
1000691,당산로46길,4383,2745,1638,14,341,862,1199,1307,660,4,139,558,819,784,441,10,202,304,380,523,219
1000690,당산로38길,164,113,51,1,19,44,43,36,21,0,10,27,29,27,20,1,9,17,14,9,1
1000689,당산로37길,4244,2743,1501,34,1059,1048,791,775,537,27,585,692,537,517,385,7,474,356,254,258,152
1000688,당산로31길,4394,2379,2015,1,622,1179,1056,1038,498,0,222,539,571,676,371,1,400,640,485,362,127
1000687,국회대로56길,1741,1124,617,4,146,243,324,419,605,2,83,167,243,298,331,2,63,76,81,121,274
1000686,경인로90길,314,177,137,1,20,75,70,93,55,0,7,39,31,57,43,1,13,36,39,36,12
1000685,경인로80길,1576,1129,447,3,138,276,377,450,332,1,81,181,254,337,275,2,57,95,123,113,57
1000684,경인로77길,709,447,262,1,112,152,142,182,120,0,41,76,105,128,97,1,71,76,37,54,23
1000683,가마산로61길,204,70,134,0,22,50,54,46,32,0,3,19,21,11,16,0,19,31,33,35,16
1000682,시흥대로94길,689,350,339,0,54,148,188,195,104,0,26,79,92,94,59,0,28,69,96,101,45
1000681,시흥대로84길,185,85,100,0,21,36,61,45,22,0,8,18,25,21,13,0,13,18,36,24,9
1000680,시흥대로68길,960,251,709,0,23,39,79,160,659,0,11,23,26,33,158,0,12,16,53,127,501
1000679,시흥대로63길,2949,1450,1499,10,454,943,650,625,267,2,190,396,279,409,174,8,264,547,371,216,93
1000678,시흥대로62가길,443,108,335,0,59,74,87,152,71,0,13,21,20,33,21,0,46,53,67,119,50
1000677,시흥대로36길,409,232,177,0,59,121,124,71,34,0,23,69,74,42,24,0,36,52,50,29,10
1000676,시흥대로22길,511,362,149,0,24,61,110,143,173,0,14,43,65,100,140,0,10,18,45,43,33
1000675,시흥대로153길,640,368,272,1,66,113,193,197,70,1,33,71,120,101,42,0,33,42,73,96,28
1000674,시흥대로150길,537,248,289,0,40,98,144,162,93,0,8,36,60,83,61,0,32,62,84,79,32
1000673,시흥대로141길,653,381,272,2,119,163,167,134,68,2,49,90,115,85,40,0,70,73,52,49,28
1000672,시흥대로138길,18,9,9,0,3,2,3,7,3,0,1,1,1,4,2,0,2,1,2,3,1
1000671,시흥대로120길,470,311,159,0,72,94,154,111,39,0,52,61,110,68,20,0,20,33,44,43,19
1000670,벚꽃로56길,1863,1268,595,2,294,689,461,293,124,1,155,461,352,205,94,1,139,228,109,88,30
1000669,범안로17길,136,82,54,0,9,19,36,41,31,0,6,11,19,26,20,0,3,8,17,15,11
1000668,범안로11길,1073,839,234,6,142,287,305,225,108,4,112,226,236,173,88,2,30,61,69,52,20
1000667,문성로5길,166,58,108,0,11,26,21,53,55,0,2,16,9,15,16,0,9,10,12,38,39
1000666,독산로85길,99,25,74,0,3,9,15,46,26,0,0,3,4,12,6,0,3,6,11,34,20
1000665,독산로78다길,223,97,126,0,25,26,54,61,57,0,8,11,19,24,35,0,17,15,35,37,22
1000664,독산로70길,2,2,0,0,0,0,0,0,2,0,0,0,0,0,2,0,0,0,0,0,0
1000663,독산로64길,115,31,84,0,24,21,33,30,7,0,2,7,9,8,5,0,22,14,24,22,2
1000662,독산로50길,91,34,57,0,7,13,25,35,11,0,1,2,10,15,6,0,6,11,15,20,5
1000661,독산로40길,54,16,38,0,2,3,25,19,5,0,0,1,10,3,2,0,2,2,15,16,3
1000660,독산로108길,731,343,388,0,95,147,150,200,139,0,25,78,69,85,86,0,70,69,81,115,53
1000659,남부순환로112길,14,6,8,0,5,1,1,3,4,0,1,1,0,2,2,0,4,0,1,1,2
1000658,금하로24길,206,70,136,4,30,31,54,56,31,2,9,10,15,19,15,2,21,21,39,37,16
1000657,금하로1길,73,33,40,0,8,12,21,23,9,0,4,8,7,10,4,0,4,4,14,13,5
1000656,금하로14길,26,11,15,0,1,4,11,8,2,0,0,2,4,3,2,0,1,2,7,5,0
1000655,가산로5길,583,456,127,4,74,116,188,133,68,4,57,93,143,109,50,0,17,23,45,24,18
1000654,가산로3길,2320,1764,556,4,208,494,519,659,436,4,161,417,390,463,329,0,47,77,129,196,107
1000653,중앙로1길,1572,1085,487,1,161,329,292,315,474,0,87,214,184,211,389,1,74,115,108,104,85
1000652,중앙로15길,96,50,46,0,7,12,28,33,16,0,1,5,9,21,14,0,6,7,19,12,2
1000651,우마길,41,21,20,0,12,9,12,6,2,0,1,7,7,4,2,0,11,2,5,2,0
1000650,오류로8길,224,105,119,0,36,69,43,46,30,0,12,37,16,20,20,0,24,32,27,26,10
1000649,신도림로13길,828,601,227,2,67,129,183,271,176,2,51,94,131,184,139,0,16,35,52,87,37
1000648,새말로18길,443,295,148,1,130,147,66,59,40,0,83,107,40,40,25,1,47,40,26,19,15
1000647,부일로1길,779,627,152,0,40,99,151,259,230,0,27,65,110,212,213,0,13,34,41,47,17
1000646,부일로15길,181,153,28,0,9,8,18,60,86,0,3,4,12,51,83,0,6,4,6,9,3
1000645,부일로11길,25,6,19,0,3,5,7,7,3,0,0,1,2,2,1,0,3,4,5,5,2
1000644,디지털로32길,1053,556,497,2,136,387,213,154,161,2,38,198,122,84,112,0,98,189,91,70,49
1000643,디지털로32가길,7192,4949,2243,31,1491,2843,1767,674,386,20,727,2039,1370,494,299,11,764,804,397,180,87
1000642,디지털로27길,389,250,139,0,22,68,103,140,56,0,8,34,59,99,50,0,14,34,44,41,6
1000641,도림로6길,131,59,72,0,16,33,40,31,11,0,5,14,19,14,7,0,11,19,21,17,4
1000640,도림로12길,108,43,65,0,25,21,22,32,8,0,5,11,11,10,6,0,20,10,11,22,2
1000639,남부순환로97길,285,90,195,1,44,51,83,63,43,1,6,11,22,27,23,0,38,40,61,36,20
1000638,구로중앙로8길,199,73,126,0,16,32,62,55,34,0,4,9,16,21,23,0,12,23,46,34,11
1000637,구로중앙로7길,197,73,124,0,34,34,47,51,31,0,3,4,17,22,27,0,31,30,30,29,4
1000636,구로중앙로42길,803,593,210,0,56,135,200,272,140,0,39,102,130,208,114,0,17,33,70,64,26
1000635,구로중앙로34길,602,335,267,0,41,120,159,160,122,0,10,68,102,90,65,0,31,52,57,70,57
1000634,구로중앙로28길,3213,1572,1641,3,215,386,590,683,1336,3,94,208,367,385,515,0,121,178,223,298,821
1000633,구로중앙로19길,10,7,3,0,0,1,3,3,3,0,0,1,2,2,2,0,0,0,1,1,1
1000632,구로동로8길,152,43,109,0,16,24,41,41,30,0,3,3,16,15,6,0,13,21,25,26,24
1000631,구로동로7길,171,67,104,0,28,29,42,45,27,0,9,5,14,19,20,0,19,24,28,26,7
1000630,구로동로42길,26,17,9,0,2,2,9,11,2,0,1,1,5,8,2,0,1,1,4,3,0
1000629,구로동로41길,433,292,141,0,46,137,143,72,35,0,36,92,89,48,27,0,10,45,54,24,8
1000628,구로동로38길,36,14,22,0,5,3,10,9,9,0,1,0,5,2,6,0,4,3,5,7,3
1000627,구로동로28길,169,68,101,0,11,17,56,42,43,0,5,8,21,12,22,0,6,9,35,30,21
1000626,구로동로15길,31,9,22,0,8,7,3,9,4,0,0,1,1,5,2,0,8,6,2,4,2
1000625,공원로6가길,288,197,91,1,40,79,79,67,22,0,28,53,54,45,17,1,12,26,25,22,5
1000624,고척로52길,218,69,149,0,10,26,61,92,29,0,1,7,25,21,15,0,9,19,36,71,14
1000623,고척로27다길,206,81,125,0,12,33,73,56,32,0,5,13,21,25,17,0,7,20,52,31,15
1000622,고척로27길,243,113,130,0,28,48,64,82,21,0,6,21,27,47,12,0,22,27,37,35,9
1000621,고척로21나길,217,63,154,2,17,41,39,63,55,2,2,17,7,12,23,0,15,24,32,51,32
1000620,경인로47길,919,504,415,1,83,154,233,270,178,1,36,80,137,142,108,0,47,74,96,128,70
1000619,경인로35길,289,112,177,0,12,52,85,88,52,0,3,18,30,34,27,0,9,34,55,54,25
1000618,경인로31길,58,22,36,0,5,10,24,16,3,0,3,1,8,7,3,0,2,9,16,9,0
1000617,경인로15길,143,61,82,0,30,52,32,19,10,0,4,31,13,6,7,0,26,21,19,13,3
1000616,개봉로3길,225,141,84,0,51,35,59,42,38,0,40,20,25,25,31,0,11,15,34,17,7
1000615,개봉로2길,480,129,351,0,75,112,147,105,41,0,13,21,45,28,22,0,62,91,102,77,19
1000614,개봉로23가길,868,501,367,1,90,153,227,209,188,0,46,86,117,118,134,1,44,67,110,91,54
1000613,개봉로20길,119,68,51,0,7,28,46,24,14,0,4,17,25,12,10,0,3,11,21,12,4
1000612,개봉로1길,52,27,25,0,9,9,15,7,12,0,4,5,6,5,7,0,5,4,9,2,5
1000611,개봉로17다길,194,94,100,0,14,30,56,57,37,0,4,14,22,24,30,0,10,16,34,33,7
1000610,개봉로17길,862,353,509,2,94,151,197,275,143,1,35,82,105,75,55,1,59,69,92,200,88
1000609,개봉로11길,61,11,50,0,23,11,12,13,2,0,3,2,2,2,2,0,20,9,10,11,0
1000608,화곡로64길,1601,953,648,3,138,477,487,308,188,2,65,301,322,191,72,1,73,176,165,117,116
1000607,화곡로59길,480,200,280,0,84,148,140,80,28,0,16,66,56,38,24,0,68,82,84,42,4
1000606,화곡로44나길,757,621,136,0,23,53,133,246,302,0,12,34,104,210,261,0,11,19,29,36,41
1000605,화곡로31길,1208,453,755,1,180,236,303,295,193,0,43,92,115,104,99,1,137,144,188,191,94
1000604,화곡로20길,535,333,202,0,36,92,131,158,118,0,19,49,66,102,97,0,17,43,65,56,21
1000603,화곡로13길,258,97,161,0,35,57,73,85,8,0,14,13,29,35,6,0,21,44,44,50,2
1000602,초원로16길,761,297,464,0,72,141,121,109,318,0,26,70,63,55,83,0,46,71,58,54,235
1000601,초록마을로8길,184,35,149,1,31,41,49,35,27,0,1,5,9,9,11,1,30,36,40,26,16
1000600,초록마을로3길,42,21,21,0,4,10,8,7,13,0,0,2,7,4,8,0,4,8,1,3,5
1000599,월정로20길,4,2,2,0,0,0,0,4,0,0,0,0,0,2,0,0,0,0,0,2,0
1000598,우장산로6길,311,172,139,2,24,44,86,98,57,2,10,28,44,50,38,0,14,16,42,48,19
1000597,양천로73가길,1260,809,451,3,80,218,334,375,250,3,43,114,213,232,204,0,37,104,121,143,46
1000596,양천로71길,216,121,95,0,24,52,67,47,26,0,9,35,32,26,19,0,15,17,35,21,7
1000595,양천로49길,760,595,165,2,43,112,138,224,241,0,20,74,103,184,214,2,23,38,35,40,27
1000594,양천로26길,174,81,93,0,9,35,50,56,24,0,4,16,20,23,18,0,5,19,30,33,6
1000593,양천로24길,385,157,228,0,20,57,76,114,118,0,6,35,39,32,45,0,14,22,37,82,73
1000592,양천로24가길,766,372,394,0,89,155,195,186,141,0,38,86,94,80,74,0,51,69,101,106,67
1000591,양천로14길,241,161,80,0,9,22,69,80,61,0,5,16,48,49,43,0,4,6,21,31,18
1000590,방화대로6라길,806,491,315,2,74,191,296,163,80,0,34,119,195,101,42,2,40,72,101,62,38
1000589,방화대로21길,854,483,371,7,97,172,210,209,159,1,38,84,111,127,122,6,59,88,99,82,37
1000588,등촌로5길,13,5,8,0,1,5,5,2,0,0,0,2,2,1,0,0,1,3,3,1,0
1000587,등촌로55길,540,360,180,0,35,76,125,143,161,0,15,45,74,89,137,0,20,31,51,54,24
1000586,등촌로51길,17,11,6,0,5,2,4,6,0,0,0,1,4,6,0,0,5,1,0,0,0
1000585,등촌로39길,70,27,43,0,4,15,20,24,7,0,3,6,3,11,4,0,1,9,17,13,3
1000584,등촌로13길,188,96,92,0,15,38,50,55,30,0,6,20,20,28,22,0,9,18,30,27,8
1000583,남부순환로11길,378,258,120,1,29,106,121,84,37,1,14,67,79,67,30,0,15,39,42,17,7
1000582,까치산로4길,152,57,95,0,19,29,25,36,43,0,12,13,9,11,12,0,7,16,16,25,31
1000581,국회대로7길,412,237,175,3,49,102,92,113,53,0,19,62,56,65,35,3,30,40,36,48,18
1000580,공항대로8길,226,90,136,0,15,41,57,57,56,0,3,26,26,21,14,0,12,15,31,36,42
1000579,공항대로61길,185,129,56,3,18,52,68,34,10,3,5,44,45,25,7,0,13,8,23,9,3
1000578,공항대로59다길,885,632,253,2,97,255,184,177,170,0,44,201,130,133,124,2,53,54,54,44,46
1000577,공항대로59길,1087,695,392,3,135,239,244,260,206,3,64,127,157,176,168,0,71,112,87,84,38
1000576,공항대로55길,1095,702,393,2,267,409,229,108,80,0,130,263,173,81,55,2,137,146,56,27,25
1000575,공항대로42길,9,5,4,0,0,2,0,5,2,0,0,1,0,2,2,0,0,1,0,3,0
1000574,공항대로38길,273,138,135,0,33,64,69,68,39,0,10,35,34,36,23,0,23,29,35,32,16
1000573,곰달래로60길,587,312,275,2,64,108,144,151,118,0,25,59,82,72,74,2,39,49,62,79,44
1000572,곰달래로53길,53,18,35,0,3,12,25,7,6,0,0,7,5,2,4,0,3,5,20,5,2
1000571,곰달래로47길,38,17,21,0,5,8,13,9,3,0,0,4,7,5,1,0,5,4,6,4,2
1000570,곰달래로31길,11,7,4,0,1,1,8,1,0,0,1,1,4,1,0,0,0,0,4,0,0
1000569,곰달래로25길,796,295,501,0,93,122,176,233,172,0,27,51,73,64,80,0,66,71,103,169,92
1000568,개화동로25길,658,442,216,2,58,132,136,145,185,1,24,75,84,98,160,1,34,57,52,47,25
1000567,개화동로23길,115,75,40,0,14,16,30,36,19,0,6,13,19,24,13,0,8,3,11,12,6
1000566,강서로8길,159,85,74,0,27,43,34,31,24,0,15,29,17,11,13,0,12,14,17,20,11
1000565,강서로5라길,314,185,129,1,41,74,92,74,32,1,27,50,49,38,20,0,14,24,43,36,12
1000564,강서로5나길,95,50,45,1,9,21,24,20,20,1,4,9,14,10,12,0,5,12,10,10,8
1000563,강서로5가길,51,26,25,0,1,9,11,19,11,0,1,6,8,6,5,0,0,3,3,13,6
1000562,강서로47라길,122,60,62,1,14,25,35,35,12,0,7,11,19,17,6,1,7,14,16,18,6
1000561,강서로47길,370,192,178,0,21,65,103,147,34,0,5,34,43,83,27,0,16,31,60,64,7
1000560,강서로45다길,554,351,203,0,64,80,115,143,152,0,19,36,65,103,128,0,45,44,50,40,24
1000559,강서로45길,153,66,87,0,15,20,32,42,44,0,1,9,10,19,27,0,14,11,22,23,17
1000558,강서로35길,164,94,70,0,18,28,46,50,22,0,8,16,27,30,13,0,10,12,19,20,9
1000557,강서로29길,410,183,227,0,29,57,108,121,95,0,15,35,58,49,26,0,14,22,50,72,69
1000556,강서로18길,30,12,18,0,0,7,12,9,2,0,0,3,7,2,0,0,0,4,5,7,2
1000555,강서로17가길,132,57,75,0,17,38,39,24,14,0,7,17,17,9,7,0,10,21,22,15,7
1000554,강서로15길,305,155,150,3,36,56,77,82,51,2,20,30,41,34,28,1,16,26,36,48,23
1000553,가로공원로80길,60,28,32,0,7,12,20,15,6,0,4,4,8,9,3,0,3,8,12,6,3
1000552,가로공원로76가길,28,11,17,1,4,14,5,2,2,0,2,6,3,0,0,1,2,8,2,2,2
1000551,화곡로4길,212,81,131,0,19,50,77,46,20,0,5,15,26,20,15,0,14,35,51,26,5
1000550,화곡로3길,160,51,109,0,23,23,40,54,20,0,2,5,9,19,16,0,21,18,31,35,4
1000549,지양로7길,234,79,155,0,18,50,79,70,17,0,5,14,16,33,11,0,13,36,63,37,6
1000548,중앙로55길,349,179,170,0,20,75,125,96,33,0,7,37,59,49,27,0,13,38,66,47,6
1000547,중앙로51길,128,73,55,0,6,24,38,30,30,0,2,13,18,20,20,0,4,11,20,10,10
1000546,중앙로47길,118,26,92,0,11,13,17,31,46,0,1,8,5,6,6,0,10,5,12,25,40
1000545,중앙로45길,166,59,107,0,16,29,34,53,34,0,4,12,12,21,10,0,12,17,22,32,24
1000544,중앙로36길,2,2,0,0,0,0,0,0,2,0,0,0,0,0,2,0,0,0,0,0,0
1000543,중앙로32길,594,302,292,5,133,129,129,119,79,2,62,82,75,52,29,3,71,47,54,67,50
1000542,중앙로25길,244,70,174,0,36,45,67,81,15,0,14,11,16,19,10,0,22,34,51,62,5
1000541,은행정로7길,521,175,346,2,46,74,83,163,153,2,13,33,37,48,42,0,33,41,46,115,111
1000539,오목로5길,334,183,151,1,44,85,88,84,32,1,22,51,38,46,25,0,22,34,50,38,7
1000538,오목로3길,430,400,30,0,1,18,41,154,216,0,1,14,32,144,209,0,0,4,9,10,7
1000537,오목로30길,145,73,72,0,18,27,39,35,26,0,6,10,18,20,19,0,12,17,21,15,7
1000536,오목로23길,820,483,337,1,111,235,197,170,106,1,48,151,119,94,70,0,63,84,78,76,36
1000535,신월로20길,212,81,131,0,26,35,53,54,44,0,8,10,24,19,20,0,18,25,29,35,24
1000534,신월로15길,771,364,407,1,71,144,189,195,171,0,25,73,83,81,102,1,46,71,106,114,69
1000533,신목로6길,252,140,112,0,25,38,75,70,44,0,11,19,42,41,27,0,14,19,33,29,17
1000532,신목로5길,925,354,571,6,74,177,278,254,136,3,25,67,104,85,70,3,49,110,174,169,66
1000531,신목로2길,94,47,47,0,16,14,26,15,23,0,2,10,13,7,15,0,14,4,13,8,8
1000530,목동중앙서로8가길,178,110,68,0,4,18,48,57,51,0,2,11,29,35,33,0,2,7,19,22,18
1000529,목동중앙서로7길,264,86,178,1,25,53,51,73,61,0,6,22,18,21,19,1,19,31,33,52,42
1000528,목동중앙북로8길,355,110,245,0,1,8,28,63,255,0,1,5,10,11,83,0,0,3,18,52,172
1000527,목동중앙북로16길,257,80,177,0,25,60,86,60,26,0,5,15,24,22,14,0,20,45,62,38,12
1000526,목동중앙본로7길,117,51,66,0,19,26,37,28,7,0,7,10,11,17,6,0,12,16,26,11,1
1000525,목동중앙로3길,111,60,51,0,5,8,28,39,31,0,4,2,12,18,24,0,1,6,16,21,7
1000524,목동중앙로13나길,293,208,85,0,28,118,75,47,25,0,13,82,57,34,22,0,15,36,18,13,3
1000523,목동중앙남로3가길,546,364,182,0,35,129,131,160,91,0,16,72,79,124,73,0,19,57,52,36,18
1000522,목동로9길,2360,1508,852,2,146,479,616,552,565,0,51,226,382,374,475,2,95,253,234,178,90
1000521,목동로19길,1014,363,651,3,136,194,265,263,153,1,41,70,104,84,63,2,95,124,161,179,90
1000519,목동동로12길,385,140,245,0,40,73,102,109,61,0,5,22,35,34,44,0,35,51,67,75,17
1000518,목동남로4길,13,6,7,0,0,0,4,8,1,0,0,0,0,5,1,0,0,0,4,3,0
1000517,남부순환로88길,272,128,144,0,26,54,72,93,27,0,12,22,35,39,20,0,14,32,37,54,7
1000516,남부순환로79길,339,249,90,0,17,18,63,119,122,0,10,12,37,89,101,0,7,6,26,30,21
1000515,남부순환로70길,519,317,202,1,26,74,130,154,134,1,8,34,69,93,112,0,18,40,61,61,22
1000514,남부순환로58길,198,117,81,0,20,41,46,66,25,0,15,29,27,30,16,0,5,12,19,36,9
1000513,남부순환로40길,18,5,13,0,1,2,8,4,3,0,0,0,2,2,1,0,1,2,6,2,2
1000512,남부순환로33길,1247,1018,229,0,33,68,107,122,917,0,12,32,51,62,861,0,21,36,56,60,56
1000511,곰달래로5길,76,46,30,0,22,22,11,16,5,0,14,18,6,6,2,0,8,4,5,10,3
1000510,곰달래로3길,403,213,190,1,33,64,122,131,52,0,20,33,56,74,30,1,13,31,66,57,22
1000509,곰달래로2길,297,157,140,1,40,61,87,81,27,1,14,41,50,40,11,0,26,20,37,41,16
1000508,곰달래로10길,339,235,104,2,19,39,50,121,108,1,7,27,26,83,91,1,12,12,24,38,17
1000507,가로공원로58길,76,15,61,0,12,9,25,22,8,0,2,2,5,3,3,0,10,7,20,19,5
1000506,효창원로93길,86,44,42,0,19,23,26,12,6,0,7,9,18,7,3,0,12,14,8,5,3
1000505,토정로37길,118,54,64,0,21,23,32,27,15,0,8,11,12,13,10,0,13,12,20,14,5
1000504,월드컵로8길,1704,905,799,6,215,375,347,285,476,5,70,176,198,132,324,1,145,199,149,153,152
1000503,월드컵로7길,4,2,2,0,1,1,1,0,1,0,0,0,1,0,1,0,1,1,0,0,0
1000502,월드컵로36길,151,68,83,0,15,23,33,46,34,0,3,10,13,21,21,0,12,13,20,25,13
1000501,월드컵로25길,285,165,120,0,40,84,79,48,34,0,19,52,42,28,24,0,21,32,37,20,10
1000500,월드컵로19길,544,276,268,5,118,141,119,88,73,3,58,77,67,38,33,2,60,64,52,50,40
1000499,월드컵로16길,3917,2018,1899,14,860,769,734,715,825,7,372,406,379,263,591,7,488,363,355,452,234
1000498,월드컵로11길,253,91,162,2,65,60,60,42,24,2,27,22,10,16,14,0,38,38,50,26,10
1000497,월드컵로10길,1552,812,740,2,411,546,336,155,102,0,132,275,218,111,76,2,279,271,118,44,26
1000496,와우산로3길,180,101,79,0,34,58,47,31,10,0,9,28,35,21,8,0,25,30,12,10,2
1000495,와우산로29길,171,87,84,0,55,55,32,17,12,0,24,35,17,6,5,0,31,20,15,11,7
1000494,와우산로29가길,28,16,12,1,5,4,12,6,0,1,1,1,8,5,0,0,4,3,4,1,0
1000493,양화진길,439,309,130,1,39,128,123,99,49,0,13,84,92,81,39,1,26,44,31,18,10
1000492,양화로1길,4169,1985,2184,22,882,1533,1169,380,183,6,223,699,704,255,98,16,659,834,465,125,85
1000491,양화로11길,395,269,126,1,62,113,114,68,37,0,27,77,86,54,25,1,35,36,28,14,12
1000490,신촌로30길,26,16,10,6,2,4,6,5,3,5,2,2,2,3,2,1,0,2,4,2,1
1000489,신촌로28가길,105,40,65,0,14,14,32,22,23,0,1,1,15,8,15,0,13,13,17,14,8
1000488,신촌로12길,1598,696,902,2,347,354,312,284,299,0,208,202,123,70,93,2,139,152,189,214,206
1000487,숭문길,5291,4015,1276,5,468,916,1210,1540,1152,2,340,758,999,1063,853,3,128,158,211,477,299
1000486,숭문8길,110,63,47,0,7,25,36,36,6,0,1,4,24,30,4,0,6,21,12,6,2
1000485,성지3길,479,242,237,0,111,170,114,55,29,0,35,90,64,34,19,0,76,80,50,21,10
1000484,성산로4길,1732,1032,700,11,324,399,407,376,215,6,112,240,272,254,148,5,212,159,135,122,67
1000483,성미산로32길,522,259,263,5,143,146,118,71,39,4,65,88,61,21,20,1,78,58,57,50,19
1000482,성미산로1길,635,489,146,5,54,117,173,122,164,5,36,85,111,93,159,0,18,32,62,29,5
1000481,성미산로11길,1103,767,336,6,168,361,267,193,108,5,85,241,189,161,86,1,83,120,78,32,22
1000480,백범로16길,709,363,346,73,255,180,96,74,31,28,112,96,55,50,22,45,143,84,41,24,9
1000479,방울내로9안길,354,215,139,3,34,67,115,90,45,1,15,31,68,62,38,2,19,36,47,28,7
1000478,모래내로7길,253,117,136,0,26,44,71,60,52,0,5,18,35,36,23,0,21,26,36,24,29
1000477,매봉산로2길,4355,2792,1563,5,1369,1842,779,299,61,3,651,1282,613,199,44,2,718,560,166,100,17
1000476,망원로2길,200,123,77,0,21,53,62,44,20,0,3,29,44,30,17,0,18,24,18,14,3
1000475,망원로11길,1076,531,545,1,148,258,281,218,170,1,44,118,167,113,88,0,104,140,114,105,82
1000474,만리재옛길,1471,632,839,9,529,393,294,151,95,2,261,208,72,41,48,7,268,185,222,110,47
1000473,마포대로4길,181,100,81,1,19,44,42,41,34,1,12,27,25,17,18,0,7,17,17,24,16
1000472,마포대로20길,1015,551,464,0,99,289,281,229,117,0,33,148,168,140,62,0,66,141,113,89,55
1000471,마포대로12길,68,36,32,0,7,9,21,19,12,0,2,4,12,11,7,0,5,5,9,8,5
1000470,동교로38길,193,121,72,1,58,65,47,17,5,0,34,42,29,13,3,1,24,23,18,4,2
1000469,동교로27길,3631,1645,1986,11,625,975,698,688,634,3,232,531,433,263,183,8,393,444,265,425,451
1000468,동교로25길,562,284,278,1,133,247,134,38,9,1,40,128,82,27,6,0,93,119,52,11,3
1000467,동교로19길,4045,2692,1353,10,637,933,1019,945,501,4,259,620,776,673,360,6,378,313,243,272,141
1000466,동교로17길,690,359,331,1,114,203,198,117,57,0,41,88,127,72,31,1,73,115,71,45,26
1000465,독막로8길,359,163,196,0,71,115,88,59,26,0,17,53,49,30,14,0,54,62,39,29,12
1000464,독막로32길,494,208,286,1,66,125,146,111,45,0,21,54,61,43,29,1,45,71,85,68,16
1000463,독막로22길,97,51,46,0,18,30,19,13,17,0,5,14,10,10,12,0,13,16,9,3,5
1000462,도화길,992,476,516,8,160,200,220,189,215,5,56,98,120,76,121,3,104,102,100,113,94
1000461,도화4길,405,132,273,0,39,75,85,115,91,0,8,25,17,27,55,0,31,50,68,88,36
1000460,대흥로28길,49,42,7,0,4,19,20,5,1,0,3,15,19,4,1,0,1,4,1,1,0
1000459,대흥로21길,438,83,355,0,51,78,172,91,46,0,14,21,23,10,15,0,37,57,149,81,31
1000458,광성로6길,179,112,67,0,19,55,43,31,31,0,8,31,27,21,25,0,11,24,16,10,6
1000457,홍제내길,103,58,45,0,14,23,26,26,14,0,5,17,13,16,7,0,9,6,13,10,7
1000456,홍연길,82,45,37,0,1,12,28,32,9,0,1,9,18,15,2,0,0,3,10,17,7
1000455,통일로39길,5,5,0,0,1,1,1,2,0,0,1,1,1,2,0,0,0,0,0,0,0
1000454,통일로37길,355,135,220,1,68,73,96,72,45,1,18,29,31,35,21,0,50,44,65,37,24
1000453,통일로11길,9,7,2,0,1,3,3,2,0,0,0,3,2,2,0,0,1,0,1,0,0
1000452,충정로6길,13115,8020,5095,23,2104,4526,3856,2094,512,9,890,2700,2556,1455,410,14,1214,1826,1300,639,102
1000451,충정로4길,3082,2015,1067,0,391,1347,975,287,82,0,129,810,750,249,77,0,262,537,225,38,5
1000450,증가로6길,209,105,104,0,14,33,39,77,46,0,4,18,23,40,20,0,10,15,16,37,26
1000449,증가로23나길,477,253,224,4,78,126,139,93,37,3,41,72,68,48,21,1,37,54,71,45,16
1000448,증가로20가길,258,94,164,1,40,65,64,65,23,1,10,23,23,22,15,0,30,42,41,43,8
1000447,증가로10길,165,83,82,0,18,27,39,40,41,0,1,8,15,24,35,0,17,19,24,16,6
1000446,응암로1길,389,279,110,0,15,44,101,162,67,0,5,24,68,128,54,0,10,20,33,34,13
1000445,연희로10길,162,109,53,1,17,26,34,59,25,1,4,19,26,38,21,0,13,7,8,21,4
1000444,신촌로37길,104,50,54,0,11,11,30,23,29,0,3,2,16,11,18,0,8,9,14,12,11
1000443,수색로8길,2241,2135,106,0,10,28,55,237,1911,0,7,22,38,217,1851,0,3,6,17,20,60
1000442,세무서길,336,109,227,0,45,75,82,82,52,0,4,16,27,35,27,0,41,59,55,47,25
1000440,세검정로1길,276,100,176,1,29,75,75,57,39,0,11,15,18,30,26,1,18,60,57,27,13
1000439,북아현로4길,432,91,341,1,36,60,78,147,110,0,9,18,16,23,25,1,27,42,62,124,85
1000438,모래내로15길,126,40,86,0,10,18,35,35,28,0,3,3,12,14,8,0,7,15,23,21,20
1000437,명지대길,401,292,109,0,39,50,77,119,116,0,18,32,45,92,105,0,21,18,32,27,11
1000436,독립문로8길,781,307,474,2,142,193,182,171,91,2,39,72,91,57,46,0,103,121,91,114,45
1000435,가재울로6길,26,18,8,0,5,3,10,2,6,0,2,2,9,1,4,0,3,1,1,1,2
1000434,통일로92길,93,42,51,1,18,17,21,23,13,1,10,9,10,5,7,0,8,8,11,18,6
1000433,통일로87길,224,100,124,0,17,37,53,71,46,0,7,18,21,27,27,0,10,19,32,44,19
1000432,통일로78길,212,59,153,0,34,40,45,35,58,0,4,17,13,7,18,0,30,23,32,28,40
1000430,진흥로1길,556,172,384,0,84,131,172,123,46,0,17,49,43,34,29,0,67,82,129,89,17
1000429,진흥로12길,509,214,295,1,43,101,170,113,81,0,13,39,72,44,46,1,30,62,98,69,35
1000428,증산서길,401,277,124,0,36,60,75,90,140,0,6,31,43,65,132,0,30,29,32,25,8
1000427,증산로9길,84,27,57,0,13,19,23,25,4,0,5,6,9,4,3,0,8,13,14,21,1
1000426,증산로5길,747,388,359,1,58,126,171,226,165,0,28,50,66,124,120,1,30,76,105,102,45
1000425,증산로21길,236,140,96,0,16,34,33,75,78,0,7,13,16,46,58,0,9,21,17,29,20
1000424,증산로17길,683,298,385,0,40,83,152,176,232,0,13,33,69,90,93,0,27,50,83,86,139
1000423,증산로15길,230,87,143,0,20,38,51,65,56,0,5,13,18,27,24,0,15,25,33,38,32
1000422,증산로13길,71,36,35,0,5,11,11,34,10,0,2,8,6,14,6,0,3,3,5,20,4
1000421,응암로34길,60,38,22,1,7,13,11,17,11,0,4,7,5,11,11,1,3,6,6,6,0
1000420,응암로22길,187,67,120,0,19,29,49,56,34,0,7,11,20,15,14,0,12,18,29,41,20
1000419,응암로14길,456,169,287,0,70,92,125,108,61,0,20,25,47,45,32,0,50,67,78,63,29
1000418,응암로13길,301,129,172,2,52,48,87,78,34,2,28,22,34,28,15,0,24,26,53,50,19
1000417,응암로12길,198,115,83,1,18,47,54,52,26,1,6,30,30,28,20,0,12,17,24,24,6
1000416,은평로8길,247,115,132,0,41,36,59,62,49,0,15,21,33,23,23,0,26,15,26,39,26
1000415,은평로3길,301,104,197,0,43,65,85,69,39,0,12,27,21,18,26,0,31,38,64,51,13
1000414,은평로20길,6,2,4,0,0,0,3,2,1,0,0,0,0,1,1,0,0,0,3,1,0
1000413,은평로13길,364,220,144,1,30,55,96,105,77,0,13,34,56,58,59,1,17,21,40,47,18
1000412,은평로10길,287,144,143,1,29,59,75,65,58,1,10,31,32,34,36,0,19,28,43,31,22
1000411,연서로5길,41,15,26,0,4,8,14,12,3,0,2,3,4,5,1,0,2,5,10,7,2
1000410,연서로41길,242,75,167,0,21,59,76,56,30,0,7,21,18,15,14,0,14,38,58,41,16
1000409,연서로3길,113,46,67,2,15,19,30,34,13,0,8,10,11,11,6,2,7,9,19,23,7
1000408,연서로34길,150,57,93,2,16,33,39,41,19,2,5,12,13,14,11,0,11,21,26,27,8
1000407,연서로33길,33,13,20,0,5,11,8,6,3,0,1,4,4,3,1,0,4,7,4,3,2
1000406,연서로29길,300,93,207,1,39,70,91,71,28,1,5,27,22,24,14,0,34,43,69,47,14
1000405,연서로28길,732,356,376,2,106,145,171,154,154,1,53,72,89,66,75,1,53,73,82,88,79
1000404,연서로27길,82,23,59,1,15,16,22,19,9,1,1,5,4,6,6,0,14,11,18,13,3
1000403,연서로21길,290,156,134,0,30,49,97,78,36,0,16,33,46,39,22,0,14,16,51,39,14
1000402,연서로17길,1155,339,816,3,188,218,273,298,175,3,39,95,94,50,58,0,149,123,179,248,117
1000401,연서로16길,263,103,160,0,49,70,58,63,23,0,13,23,28,25,14,0,36,47,30,38,9
1000400,연서로13길,693,206,487,6,78,157,197,193,62,0,19,63,69,35,20,6,59,94,128,158,42
1000399,연서로11길,239,111,128,0,18,44,72,76,29,0,10,17,37,30,17,0,8,27,35,46,12
1000398,역말로9길,20,14,6,0,1,7,7,2,3,0,1,5,5,1,2,0,0,2,2,1,1
1000397,수색로18길,37,22,15,0,4,9,8,11,5,0,2,4,3,9,4,0,2,5,5,2,1
1000396,서오릉로8길,14,2,12,0,4,5,3,2,0,0,0,2,0,0,0,0,4,3,3,2,0
1000395,서오릉로21길,411,99,312,0,30,50,93,92,146,0,6,8,30,19,36,0,24,42,63,73,110
1000394,불광천길,200,99,101,1,20,41,36,68,34,1,10,19,20,30,19,0,10,22,16,38,15
1000393,갈현로7길,913,265,648,0,167,231,199,216,100,0,49,79,65,45,27,0,118,152,134,171,73
1000392,갈현로41길,123,50,73,0,10,23,29,31,30,0,3,13,10,16,8,0,7,10,19,15,22
1000391,갈현로33길,37,8,29,0,6,7,9,13,2,0,0,2,2,2,2,0,6,5,7,11,0
1000390,갈현로1길,203,88,115,0,24,41,51,42,45,0,13,26,21,8,20,0,11,15,30,34,25
1000389,가좌로7길,57,25,32,0,9,8,16,12,12,0,1,2,6,6,10,0,8,6,10,6,2
1000388,한글비석로44길,397,211,186,0,24,60,80,127,106,0,5,36,32,64,74,0,19,24,48,63,32
1000387,한글비석로24길,409,160,249,0,22,51,86,129,121,0,4,28,36,40,52,0,18,23,50,89,69
1000386,한글비석로22길,782,353,429,4,72,145,191,221,149,1,19,77,90,97,69,3,53,68,101,124,80
1000385,석계로1길,110,58,52,0,6,10,38,33,23,0,3,6,21,18,10,0,3,4,17,15,13
1000384,상계로9가길,305,104,201,0,38,52,84,77,54,0,6,18,28,27,25,0,32,34,56,50,29
1000382,상계로12길,19,12,7,0,0,0,6,11,2,0,0,0,4,6,2,0,0,0,2,5,0
1000381,동일로242길,244,161,83,0,8,29,59,56,92,0,5,14,36,32,74,0,3,15,23,24,18
1000380,동일로192길,458,202,256,0,36,67,101,138,116,0,16,37,47,54,48,0,20,30,54,84,68
1000379,동일로173가길,2867,1654,1213,9,337,545,728,753,495,6,173,418,442,315,300,3,164,127,286,438,195
1000378,공릉로58길,148,51,97,0,7,15,44,49,33,0,4,9,14,14,10,0,3,6,30,35,23
1000377,해등로16길,75,59,16,1,3,17,34,14,6,1,2,14,25,13,4,0,1,3,9,1,2
1000376,우이천로4다길,191,115,76,2,17,32,44,67,29,2,7,19,23,43,21,0,10,13,21,24,8
1000375,우이천로32길,91,56,35,0,10,22,24,24,11,0,3,18,13,14,8,0,7,4,11,10,3
1000374,시루봉로23길,49,22,27,0,6,13,17,7,6,0,1,8,6,3,4,0,5,5,11,4,2
1000373,삼양로144길,73,55,18,0,6,15,19,19,14,0,4,13,10,15,13,0,2,2,9,4,1
1000372,방학로6가길,202,109,93,0,13,33,63,59,34,0,3,16,33,31,26,0,10,17,30,28,8
1000371,방학로5길,137,70,67,1,15,17,28,44,32,0,14,10,13,20,13,1,1,7,15,24,19
1000370,방학로15길,304,193,111,0,22,26,58,108,90,0,4,10,31,70,78,0,18,16,27,38,12
1000369,방학로10길,215,104,111,0,14,18,26,49,108,0,7,11,8,18,60,0,7,7,18,31,48
1000367,도봉산4길,320,277,43,0,6,17,86,142,69,0,4,13,78,126,56,0,2,4,8,16,13
1000366,도봉로181길,185,82,103,2,21,36,49,54,23,1,8,18,20,20,15,1,13,18,29,34,8
1000365,도봉로169나길,272,104,168,0,28,47,53,91,53,0,8,20,23,34,19,0,20,27,30,57,34
1000364,도봉로156길,282,144,138,2,41,73,74,52,40,1,21,36,39,24,23,1,20,37,35,28,17
1000363,도봉로152가길,423,345,78,0,15,31,60,153,164,0,3,20,42,135,145,0,12,11,18,18,19
1000362,도봉로147길,557,320,237,2,48,127,129,165,86,0,20,91,90,87,32,2,28,36,39,78,54
1000360,도봉로114길,567,199,368,2,107,141,125,138,54,1,20,52,45,52,29,1,87,89,80,86,25
1000359,도봉로109길,30,9,21,0,8,1,8,6,7,0,3,0,1,0,5,0,5,1,7,6,2
1000358,도당로29길,870,509,361,7,144,219,211,178,111,6,60,132,107,109,95,1,84,87,104,69,16
1000357,도당로19길,190,99,91,0,18,30,66,58,18,0,8,18,33,31,9,0,10,12,33,27,9
1000356,도당로13바길,205,77,128,1,19,32,57,61,35,0,4,21,20,14,18,1,15,11,37,47,17
1000355,도당로13가길,155,66,89,0,14,28,39,46,28,0,5,12,19,18,12,0,9,16,20,28,16
1000354,덕릉로60길,90,54,36,0,10,17,31,23,9,0,4,10,19,14,7,0,6,7,12,9,2
1000353,노해로63다길,649,261,388,1,93,175,157,144,79,0,19,83,76,48,35,1,74,92,81,96,44
1000352,노해로60길,325,140,185,1,48,70,86,83,37,0,10,30,38,41,21,1,38,40,48,42,16
1000351,한천로140길,111,51,60,0,3,23,23,34,28,0,0,12,11,12,16,0,3,11,12,22,12
1000350,한천로139가길,50,29,21,0,5,10,22,9,4,0,3,7,12,5,2,0,2,3,10,4,2
1000349,한천로132길,332,132,200,2,54,72,70,76,58,1,13,32,29,29,28,1,41,40,41,47,30
1000348,한천로130길,279,120,159,0,36,72,82,71,18,0,10,24,36,38,12,0,26,48,46,33,6
1000347,한천로124나길,111,65,46,0,8,17,30,33,23,0,4,13,14,18,16,0,4,4,16,15,7
1000346,한천로109길,608,267,341,3,113,121,162,151,58,2,42,50,77,64,32,1,71,71,85,87,26
1000345,인수봉로79길,158,41,117,0,19,48,40,35,16,0,7,5,10,11,8,0,12,43,30,24,8
1000344,인수봉로72길,82,37,45,0,11,14,23,19,15,0,2,6,10,9,10,0,9,8,13,10,5
1000342,오패산로67길,583,286,297,3,71,119,149,142,99,1,24,64,76,71,50,2,47,55,73,71,49
1000341,오패산로52길,102,36,66,0,13,22,27,27,13,0,6,5,8,10,7,0,7,17,19,17,6
1000340,오패산로30길,10,6,4,0,0,2,3,4,1,0,0,1,2,2,1,0,0,1,1,2,0
1000339,수유로12길,236,153,83,0,27,66,61,42,40,0,11,48,39,25,30,0,16,18,22,17,10
1000338,솔샘로65길,472,202,270,3,39,90,123,144,73,0,6,25,48,71,52,3,33,65,75,73,21
1000337,솔매로50길,704,274,430,3,81,177,206,174,63,3,23,59,68,75,46,0,58,118,138,99,17
1000336,솔매로45길,196,90,106,0,17,33,53,58,35,0,8,14,25,29,14,0,9,19,28,29,21
1000335,솔매로41길,86,21,65,0,12,14,22,28,10,0,2,2,7,5,5,0,10,12,15,23,5
1000334,삼양로93길,17,4,13,0,0,1,5,10,1,0,0,0,1,2,1,0,0,1,4,8,0
1000333,삼양로77길,419,147,272,0,45,81,117,113,63,0,18,39,36,34,20,0,27,42,81,79,43
1000332,삼양로54길,8,4,4,0,0,2,1,5,0,0,0,1,0,3,0,0,0,1,1,2,0
1000331,삼양로41길,306,141,165,0,24,64,86,84,48,0,10,27,44,34,26,0,14,37,42,50,22
1000329,삼양로24길,101,51,50,0,12,20,29,20,20,0,8,12,13,7,11,0,4,8,16,13,9
1000328,삼양로20길,137,48,89,1,15,27,36,45,13,0,1,8,12,16,11,1,14,19,24,29,2
1000327,삼각산로28길,833,401,432,0,59,148,165,201,260,0,21,68,81,105,126,0,38,80,84,96,134
1000326,도봉로99길,217,103,114,0,19,40,71,60,27,0,9,19,33,27,15,0,10,21,38,33,12
1000325,도봉로8길,258,196,62,1,50,73,66,42,26,1,43,66,48,23,15,0,7,7,18,19,11
1000324,도봉로76길,389,212,177,3,36,60,85,84,121,0,20,35,41,36,80,3,16,25,44,48,41
1000323,도봉로67길,6,3,3,0,1,0,2,2,1,0,0,0,2,0,1,0,1,0,0,2,0
1000322,도봉로45길,113,67,46,0,6,10,35,27,35,0,2,9,18,14,24,0,4,1,17,13,11
1000321,도봉로18길,382,178,204,0,31,63,105,111,72,0,11,36,54,40,37,0,20,27,51,71,35
1000320,도봉로13길,26,9,17,0,1,3,3,13,6,0,0,1,0,4,4,0,1,2,3,9,2
1000319,덕릉로41길,794,628,166,0,78,260,172,231,53,0,47,224,140,190,27,0,31,36,32,41,26
1000318,덕릉로40길,919,715,204,0,71,85,225,350,188,0,45,54,176,299,141,0,26,31,49,51,47
1000317,노해로33길,32,11,21,0,10,6,7,8,1,0,2,1,2,5,1,0,8,5,5,3,0
1000315,노해로17길,252,75,177,0,26,35,49,80,62,0,7,18,23,14,13,0,19,17,26,66,49
1000314,화랑로40길,185,103,82,0,27,42,37,58,21,0,12,20,22,34,15,0,15,22,15,24,6
1000313,화랑로32길,466,349,117,8,58,172,143,65,20,1,24,139,111,56,18,7,34,33,32,9,2
1000312,화랑로1길,161,85,76,0,18,32,29,59,23,0,5,18,18,36,8,0,13,14,11,23,15
1000311,화랑로19길,561,316,245,0,67,111,172,134,77,0,37,48,106,74,51,0,30,63,66,60,26
1000310,화랑로14길,33,15,18,0,4,6,12,7,4,0,1,2,6,3,3,0,3,4,6,4,1
1000309,화랑로13길,83,40,43,0,7,18,29,24,5,0,1,8,13,14,4,0,6,10,16,10,1
1000308,한천로76길,135,77,58,0,7,21,39,37,31,0,4,15,27,18,13,0,3,6,12,19,18
1000307,한천로101가길,46,28,18,0,3,9,7,18,9,0,2,7,3,11,5,0,1,2,4,7,4
1000306,창경궁로43길,29,21,8,0,5,4,9,6,5,0,4,4,7,3,3,0,1,0,2,3,2
1000305,지봉로20길,118,67,51,0,11,26,27,31,23,0,4,11,16,19,17,0,7,15,11,12,6
1000304,종암로5길,132,88,44,0,12,39,30,31,20,0,9,30,21,16,12,0,3,9,9,15,8
1000303,종암로24가길,294,137,157,0,51,65,71,71,36,0,19,25,29,40,24,0,32,40,42,31,12
1000302,종암로21길,250,44,206,1,14,29,56,93,57,0,5,7,16,13,3,1,9,22,40,80,54
1000301,종암로19길,408,132,276,2,89,67,88,104,58,1,24,34,33,21,19,1,65,33,55,83,39
1000300,종암로16길,89,38,51,0,10,19,22,19,19,0,1,10,6,8,13,0,9,9,16,11,6
1000299,정릉로8길,196,116,80,0,32,46,38,49,31,0,14,25,23,28,26,0,18,21,15,21,5
1000298,정릉로27길,212,95,117,2,35,50,47,49,29,0,18,22,22,16,17,2,17,28,25,33,12
1000296,장위로50길,685,411,274,1,91,78,138,211,166,0,33,35,89,122,132,1,58,43,49,89,34
1000295,장월로1길,341,173,168,2,60,89,74,64,52,0,20,50,42,31,30,2,40,39,32,33,22
1000294,인촌로6길,3273,1916,1357,11,378,577,733,769,805,4,189,388,406,407,522,7,189,189,327,362,283
1000293,인촌로5길,26,2,24,0,1,2,6,13,4,0,0,0,0,1,1,0,1,2,6,12,3
1000292,인촌로24길,236,154,82,0,47,74,70,25,20,0,23,63,48,12,8,0,24,11,22,13,12
1000291,개운사길,3713,2231,1482,9,387,1114,1021,838,344,3,154,520,648,642,264,6,233,594,373,196,80
1000290,인촌로1길,150,102,48,0,15,42,42,32,19,0,6,27,32,23,14,0,9,15,10,9,5
1000289,인촌로17가길,3323,1184,2139,0,855,1153,752,461,102,0,162,344,357,241,80,0,693,809,395,220,22
1000288,오패산로4길,624,194,430,4,111,128,130,142,109,1,33,43,43,33,41,3,78,85,87,109,68
1000287,오패산로3길,1178,659,519,6,235,279,321,236,101,1,89,167,218,127,57,5,146,112,103,109,44
1000286,오패산로19길,41,18,23,0,6,17,11,5,2,0,0,10,6,1,1,0,6,7,5,4,1
1000285,안암로5길,612,379,233,2,84,138,178,128,82,0,33,77,112,93,64,2,51,61,66,35,18
1000284,아리랑로4길,558,217,341,5,36,94,130,166,127,2,12,33,47,59,64,3,24,61,83,107,63
1000283,솔샘로6길,154,70,84,0,35,36,42,28,13,0,10,23,19,11,7,0,25,13,23,17,6
1000282,성북로8길,56,25,31,0,14,18,12,8,4,0,3,7,7,5,3,0,11,11,5,3,1
1000281,삼양로8길,65,41,24,0,13,14,14,19,5,0,6,9,10,12,4,0,7,5,4,7,1
1000280,삼선교로16가길,735,419,316,0,167,124,160,203,81,0,83,57,100,126,53,0,84,67,60,77,28
1000279,삼선교로10다길,94,52,42,0,15,25,25,18,11,0,7,17,12,11,5,0,8,8,13,7,6
1000278,삼선교로10길,295,123,172,1,41,62,83,64,44,1,15,29,25,32,21,0,26,33,58,32,23
1000277,보문로32길,1017,413,604,0,292,189,242,203,91,0,25,84,124,125,55,0,267,105,118,78,36
1000276,보문로31길,702,285,417,1,111,185,168,143,94,0,39,82,70,50,44,1,72,103,98,93,50
1000274,보문로13길,931,600,331,0,9,25,60,101,736,0,3,13,19,43,522,0,6,12,41,58,214
1000273,보국문로16길,389,251,138,1,30,47,75,125,111,0,13,31,44,89,74,1,17,16,31,36,37
1000270,동소문로26가길,230,109,121,1,39,47,54,47,42,1,12,22,28,27,19,0,27,25,26,20,23
1000269,동소문로15길,128,57,71,0,25,46,37,16,4,0,7,24,20,4,2,0,18,22,17,12,2
1000268,동소문로13길,435,223,212,0,80,112,112,67,64,0,24,58,66,36,39,0,56,54,46,31,25
1000267,돌곶이로8길,182,87,95,0,18,46,62,35,21,0,5,18,31,23,10,0,13,28,31,12,11
1000266,돌곶이로41길,43,20,23,0,3,9,13,15,3,0,0,5,6,7,2,0,3,4,7,8,1
1000265,돌곶이로28길,227,143,84,0,38,72,64,33,20,0,17,57,40,18,11,0,21,15,24,15,9
1000264,돌곶이로27길,71,45,26,0,7,11,13,27,13,0,4,6,8,18,9,0,3,5,5,9,4
1000263,돌곶이로22길,132,68,64,0,19,28,29,31,25,0,4,14,17,13,20,0,15,14,12,18,5
1000261,길음로7길,8,5,3,0,0,2,4,0,2,0,0,1,3,0,1,0,0,1,1,0,1
1000260,중랑천로10길,770,382,388,9,174,157,203,134,93,5,81,66,105,71,54,4,93,91,98,63,39
1000259,용마산로94길,456,279,177,0,87,46,120,137,66,0,43,26,66,91,53,0,44,20,54,46,13
1000258,용마산로118길,566,275,291,0,75,126,163,118,84,0,25,62,75,62,51,0,50,64,88,56,33
1000257,용마산로112길,356,151,205,0,40,50,73,93,100,0,15,26,30,35,45,0,25,24,43,58,55
1000256,용마산로100길,433,294,139,0,36,41,69,130,157,0,5,13,38,101,137,0,31,28,31,29,20
1000255,신내로7가길,276,67,209,0,35,56,74,81,30,0,5,10,15,25,12,0,30,46,59,56,18
1000254,사가정로54길,135,46,89,2,30,23,33,28,19,0,7,5,13,11,10,2,23,18,20,17,9
1000253,사가정로42길,84,24,60,0,1,10,17,26,30,0,1,0,4,7,12,0,0,10,13,19,18
1000252,봉화산로56길,558,151,407,2,66,91,109,180,110,1,23,43,33,31,20,1,43,48,76,149,90
1000251,봉화산로4길,412,158,254,0,31,55,116,140,70,0,9,31,51,38,29,0,22,24,65,102,41
1000250,봉화산로30길,354,217,137,0,31,43,93,109,78,0,10,17,53,70,67,0,21,26,40,39,11
1000249,봉우재로33길,114,43,71,0,36,24,15,27,12,0,19,7,5,5,7,0,17,17,10,22,5
1000248,면목로78길,254,146,108,0,21,38,76,75,44,0,8,25,42,38,33,0,13,13,34,37,11
1000247,면목로56길,205,154,51,0,12,30,38,69,56,0,3,13,27,58,53,0,9,17,11,11,3
1000246,면목로55길,364,109,255,1,40,62,94,110,57,0,4,22,32,32,19,1,36,40,62,78,38
1000245,면목로49길,545,182,363,0,159,189,122,60,15,0,21,68,55,28,10,0,138,121,67,32,5
1000244,면목로48길,122,61,61,0,21,22,35,29,15,0,14,14,16,11,6,0,7,8,19,18,9
1000243,면목로45길,67,30,37,0,9,18,22,8,10,0,4,4,12,3,7,0,5,14,10,5,3
1000242,면목로33길,405,163,242,2,47,88,109,109,50,0,11,35,41,43,33,2,36,53,68,66,17
1000241,면목로21길,32,25,7,0,1,4,13,8,6,0,0,4,10,5,6,0,1,0,3,3,0
1000240,망우로73길,8,4,4,0,0,0,4,3,1,0,0,0,2,1,1,0,0,0,2,2,0
1000239,망우로68길,83,28,55,0,14,18,24,20,7,0,0,4,7,12,5,0,14,14,17,8,2
1000238,동일로163길,90,57,33,0,12,19,30,19,10,0,5,15,17,15,5,0,7,4,13,4,5
1000237,동일로157길,223,122,101,0,30,46,65,56,26,0,8,27,39,32,16,0,22,19,26,24,10
1000236,동일로149길,1154,859,295,0,168,329,289,307,61,0,121,232,215,247,44,0,47,97,74,60,17
1000235,동일로140길,189,84,105,2,16,40,51,56,24,1,6,19,23,23,12,1,10,21,28,33,12
1000234,동일로139길,64,35,29,0,5,11,20,19,9,0,1,7,10,15,2,0,4,4,10,4,7
1000233,동일로139가길,1207,688,519,0,95,190,214,186,522,0,39,97,119,74,359,0,56,93,95,112,163
1000232,동일로130길,118,46,72,0,11,23,35,33,16,0,5,9,9,13,10,0,6,14,26,20,6
1000231,동일로123길,184,96,88,0,29,33,54,42,26,0,15,20,23,23,15,0,14,13,31,19,11
1000230,동일로112길,156,71,85,0,13,22,43,49,29,0,5,9,12,27,18,0,8,13,31,22,11
1000229,동일로101길,289,116,173,0,30,56,75,87,41,0,9,23,35,28,21,0,21,33,40,59,20
1000228,동일로100길,74,36,38,0,2,4,3,26,39,0,2,3,0,10,21,0,0,1,3,16,18
1000227,답십리로75길,106,55,51,0,14,21,37,23,11,0,4,10,19,15,7,0,10,11,18,8,4
1000226,공릉로2길,665,299,366,3,88,151,159,152,112,1,25,62,73,78,60,2,63,89,86,74,52
1000225,공릉로12가길,28,19,9,0,5,4,6,4,9,0,2,3,4,3,7,0,3,1,2,1,2
1000224,겸재로54길,107,44,63,0,8,15,26,43,15,0,3,9,10,14,8,0,5,6,16,29,7
1000223,겸재로36길,242,195,47,0,11,15,40,88,88,0,4,11,34,68,78,0,7,4,6,20,10
1000222,겸재로29길,449,182,267,1,55,81,134,118,60,0,12,32,55,52,31,1,43,49,79,66,29
1000221,휘경로3길,232,114,118,3,54,58,55,43,19,2,20,30,32,21,9,1,34,28,23,22,10
1000220,휘경로2길,9,2,7,0,4,2,2,1,0,0,0,0,1,1,0,0,4,2,1,0,0
1000219,휘경로23길,19,4,15,0,3,3,10,3,0,0,1,2,1,0,0,0,2,1,9,3,0
1000218,휘경로14길,128,46,82,0,5,4,18,24,77,0,2,2,6,9,27,0,3,2,12,15,50
1000217,한천로46길,323,95,228,3,36,49,103,90,42,2,7,16,26,23,21,1,29,33,77,67,21
1000216,한천로40길,302,150,152,0,23,45,83,98,53,0,13,28,38,47,24,0,10,17,45,51,29
1000215,한천로33길,81,40,41,0,10,23,14,16,18,0,7,13,8,7,5,0,3,10,6,9,13
1000214,한천로14길,584,344,240,1,70,122,148,154,89,1,36,78,98,79,52,0,34,44,50,75,37
1000213,천호대로97길,343,218,125,1,34,66,93,97,52,0,11,44,58,65,40,1,23,22,35,32,12
1000212,천호대로77길,2055,1049,1006,5,172,357,378,449,694,3,72,197,228,222,327,2,100,160,150,227,367
1000211,천호대로45길,122,66,56,0,7,16,27,34,38,0,3,9,17,15,22,0,4,7,10,19,16
1000210,천호대로17길,2257,1465,792,7,289,517,447,451,546,7,112,314,271,312,449,0,177,203,176,139,97
1000209,천호대로12길,806,529,277,5,158,228,170,169,76,2,88,151,113,123,52,3,70,77,57,46,24
1000208,천장산로7길,1481,901,580,0,99,338,458,421,165,0,27,155,276,309,134,0,72,183,182,112,31
1000207,제기로5길,224,95,129,0,7,25,58,76,58,0,2,22,30,23,18,0,5,3,28,53,40
1000206,제기로21길,232,153,79,0,29,35,73,74,21,0,13,16,54,57,13,0,16,19,19,17,8
1000205,전농로4길,689,425,264,1,71,170,177,161,109,0,37,105,114,103,66,1,34,65,63,58,43
1000204,전농로3길,73,36,37,1,13,13,22,17,7,1,5,9,12,6,3,0,8,4,10,11,4
1000203,전농로29길,321,141,180,1,38,83,102,73,24,0,10,41,43,31,16,1,28,42,59,42,8
1000202,장한로8길,802,474,328,0,100,146,237,210,109,0,35,71,144,126,98,0,65,75,93,84,11
1000201,장한로5길,3043,2165,878,11,566,862,699,600,305,2,311,606,539,465,242,9,255,256,160,135,63
1000200,장한로27길,140,39,101,2,39,33,24,23,19,1,8,10,10,4,6,1,31,23,14,19,13
1000199,장한로27가길,422,201,221,1,35,58,94,157,77,1,16,39,54,70,21,0,19,19,40,87,56
1000198,장한로26길,533,253,280,5,70,118,123,127,90,2,18,55,57,67,54,3,52,63,66,60,36
1000197,장한로26가길,328,151,177,0,40,60,61,110,57,0,18,33,33,40,27,0,22,27,28,70,30
1000196,장한로25길,1042,478,564,4,139,225,275,250,149,3,36,99,127,127,86,1,103,126,148,123,63
1000195,장한로14길,184,150,34,0,7,21,47,56,53,0,4,12,34,49,51,0,3,9,13,7,2
1000194,이문로42길,270,115,155,1,33,60,68,68,40,1,7,18,34,24,31,0,26,42,34,44,9
1000193,왕산로43길,897,386,511,2,137,230,220,202,106,2,34,94,105,88,63,0,103,136,115,114,43
1000192,왕산로33길,158,108,50,0,7,19,39,49,44,0,7,15,33,25,28,0,0,4,6,24,16
1000191,왕산로32길,6,5,1,0,0,0,2,1,3,0,0,0,2,1,2,0,0,0,0,0,1
1000190,약령시로17길,340,163,177,2,19,65,64,102,88,2,9,39,35,52,26,0,10,26,29,50,62
1000189,서울시립대로4길,659,356,303,1,131,106,133,165,123,1,82,70,72,75,56,0,49,36,61,90,67
1000188,서울시립대로29길,221,123,98,1,20,39,62,57,42,0,10,23,32,31,27,1,10,16,30,26,15
1000187,서울시립대로16길,136,32,104,0,20,31,42,27,16,0,4,4,11,9,4,0,16,27,31,18,12
1000186,사가정로2길,86,67,19,0,9,21,23,14,19,0,8,17,19,9,14,0,1,4,4,5,5
1000185,사가정로23가길,98,64,34,0,18,27,21,14,18,0,12,19,10,10,13,0,6,8,11,4,5
1000184,사가정로13길,278,82,196,0,24,76,79,60,39,0,5,19,27,12,19,0,19,57,52,48,20
1000183,무학로45길,345,204,141,0,40,83,92,62,68,0,18,47,59,38,42,0,22,36,33,24,26
1000182,무학로16길,1213,1110,103,0,96,222,403,299,193,0,72,197,373,280,188,0,24,25,30,19,5
1000181,망우로21길,196,103,93,0,25,39,37,41,54,0,7,16,17,21,42,0,18,23,20,20,12
1000180,망우로18길,363,121,242,1,88,98,96,58,22,0,16,24,43,28,10,1,72,74,53,30,12
1000179,망우로18가길,71,30,41,0,15,17,18,12,9,0,8,9,5,4,4,0,7,8,13,8,5
1000178,답십리로72길,4,2,2,0,0,1,0,2,1,0,0,1,0,1,0,0,0,0,0,1,1
1000177,답십리로69길,926,401,525,1,145,189,230,224,137,1,50,85,91,87,87,0,95,104,139,137,50
1000176,답십리로68길,97,60,37,0,7,11,32,27,20,0,3,7,21,15,14,0,4,4,11,12,6
1000175,답십리로64길,355,213,142,0,50,100,106,56,43,0,23,59,71,32,28,0,27,41,35,24,15
1000174,답십리로63길,81,50,31,1,10,22,9,31,8,0,6,12,4,20,8,1,4,10,5,11,0
1000173,답십리로60길,14,6,8,0,1,0,4,7,2,0,0,0,2,3,1,0,1,0,2,4,1
1000172,답십리로56길,16,13,3,0,1,3,6,4,2,0,1,2,6,3,1,0,0,1,0,1,1
1000171,답십리로23길,6,4,2,0,0,1,1,4,0,0,0,0,1,3,0,0,0,1,0,1,0
1000170,난계로30길,131,89,42,2,10,24,31,39,25,0,3,18,19,28,21,2,7,6,12,11,4
1000168,경희대로3길,289,185,104,1,48,110,69,42,19,0,15,71,55,32,12,1,33,39,14,10,7
1000167,천호대로129길,230,85,145,0,27,41,76,53,33,0,5,14,32,16,18,0,22,27,44,37,15
1000166,천호대로123길,294,114,180,0,33,50,60,101,50,0,9,21,20,39,25,0,24,29,40,62,25
1000165,천호대로109길,1212,662,550,6,196,316,304,241,149,4,90,177,158,131,102,2,106,139,146,110,47
1000164,자양번영로3길,87,37,50,0,8,12,23,28,16,0,4,5,10,9,9,0,4,7,13,19,7
1000163,자양로53길,2,1,1,0,0,0,0,2,0,0,0,0,0,1,0,0,0,0,0,1,0
1000162,자양로50길,24,9,15,1,5,4,4,5,5,1,0,2,1,3,2,0,5,2,3,2,3
1000161,자양로45길,570,294,276,3,93,139,153,116,66,1,34,73,95,57,34,2,59,66,58,59,32
1000160,자양로26길,298,112,186,0,24,66,78,75,55,0,4,22,33,29,24,0,20,44,45,46,31
1000159,자양로15길,331,227,104,0,23,82,76,74,76,0,8,49,44,59,67,0,15,33,32,15,9
1000158,자양로11길,1347,689,658,5,261,297,319,285,180,1,77,141,184,175,111,4,184,156,135,110,69
1000157,용마산로3길,1005,588,417,7,104,219,249,252,174,4,54,125,134,142,129,3,50,94,115,110,45
1000156,용마산로21길,171,84,87,0,24,30,50,49,18,0,6,14,26,25,13,0,18,16,24,24,5
1000155,아차산로78길,2678,1322,1356,9,500,829,591,464,285,4,142,424,360,233,159,5,358,405,231,231,126
1000154,아차산로65길,675,447,228,1,87,143,201,165,78,0,37,96,131,120,63,1,50,47,70,45,15
1000153,아차산로55길,398,219,179,0,48,99,104,94,53,0,23,51,62,52,31,0,25,48,42,42,22
1000152,아차산로51길,243,144,99,0,23,53,76,52,39,0,13,29,50,27,25,0,10,24,26,25,14
1000151,아차산로40길,536,306,230,2,105,105,137,108,79,1,45,57,70,64,69,1,60,48,67,44,10
1000150,면목로17길,272,174,98,0,51,50,74,59,38,0,21,26,50,47,30,0,30,24,24,12,8
1000149,뚝섬로64길,300,162,138,0,26,67,73,64,70,0,9,25,35,35,58,0,17,42,38,29,12
1000148,뚝섬로58길,189,61,128,0,9,35,56,66,23,0,1,9,18,20,13,0,8,26,38,46,10
1000147,뚝섬로54길,152,93,59,0,19,32,47,38,16,0,10,24,25,26,8,0,9,8,22,12,8
1000146,뚝섬로48길,847,387,460,3,118,177,217,201,131,2,49,76,101,89,70,1,69,101,116,112,61
1000145,뚝섬로24길,96,30,66,0,12,9,22,41,12,0,3,3,4,12,8,0,9,6,18,29,4
1000144,뚝섬로23길,110,63,47,0,7,16,30,34,23,0,1,9,14,21,18,0,6,7,16,13,5
1000143,동일로24길,16,4,12,0,5,4,2,4,1,0,1,1,1,0,1,0,4,3,1,4,0
1000142,동일로18길,200,84,116,0,37,41,51,51,20,0,14,15,21,21,13,0,23,26,30,30,7
1000141,능동로4길,236,101,135,0,32,47,58,58,41,0,8,13,29,24,27,0,24,34,29,34,14
1000140,능동로3길,204,99,105,0,28,28,57,46,45,0,16,16,22,20,25,0,12,12,35,26,20
1000139,능동로34길,911,509,402,1,136,197,213,178,186,0,52,105,116,103,133,1,84,92,97,75,53
1000138,능동로19길,324,212,112,0,49,84,76,78,37,0,30,66,45,41,30,0,19,18,31,37,7
1000137,능동로13길,332,138,194,2,39,63,79,92,57,1,13,27,37,28,32,1,26,36,42,64,25
1000136,긴고랑로9길,47,24,23,0,5,12,13,11,6,0,2,9,8,4,1,0,3,3,5,7,5
1000135,긴고랑로8길,224,178,46,0,6,20,39,73,86,0,1,14,26,61,76,0,5,6,13,12,10
1000134,긴고랑로7길,497,246,251,1,33,110,147,142,64,0,10,66,70,70,30,1,23,44,77,72,34
1000133,긴고랑로20길,587,283,304,1,59,133,171,136,87,0,17,69,87,71,39,1,42,64,84,65,48
1000132,광나루로52길,1932,882,1050,8,240,271,258,436,719,8,131,139,128,164,312,0,109,132,130,272,407
1000131,광나루로40길,137,63,74,1,14,24,30,29,39,0,0,16,20,14,13,1,14,8,10,15,26
1000130,광나루로37길,306,186,120,0,39,65,85,79,38,0,10,35,49,61,31,0,29,30,36,18,7
1000129,광나루로36길,50,30,20,0,5,18,12,10,5,0,1,14,8,5,2,0,4,4,4,5,3
1000128,광나루로24길,83,47,36,0,19,25,15,14,10,0,9,14,10,7,7,0,10,11,5,7,3
1000127,광나루로12길,1047,586,461,6,190,276,250,214,111,5,95,170,144,93,79,1,95,106,106,121,32
1000126,한림말길,65,35,30,0,8,10,30,11,6,0,3,4,17,7,4,0,5,6,13,4,2
1000124,청계천로10나길,1826,1072,754,7,242,500,440,387,250,5,131,323,287,186,140,2,111,177,153,201,110
1000123,장터길,39,15,24,0,10,10,5,6,8,0,3,3,2,3,4,0,7,7,3,3,4
1000122,용답중앙길,92,47,45,0,3,22,25,20,22,0,3,13,14,11,6,0,0,9,11,9,16
1000121,용답29길,1708,902,806,7,177,312,463,398,351,5,93,178,202,196,228,2,84,134,261,202,123
1000120,왕십리로6길,1457,808,649,3,173,388,385,374,134,3,83,223,200,207,92,0,90,165,185,167,42
1000119,왕십리로31길,81,42,39,0,2,24,25,11,19,0,0,8,11,6,17,0,2,16,14,5,2
1000118,왕십리로26길,4069,2485,1584,12,761,824,936,843,693,7,277,560,689,556,396,5,484,264,247,287,297
1000117,왕십리로21길,196,65,131,2,27,43,52,46,26,2,2,10,20,21,10,0,25,33,32,25,16
1000116,왕십리로14길,2760,1981,779,3,302,527,643,734,551,2,142,388,483,515,451,1,160,139,160,219,100
1000115,아차산로5길,2254,1475,779,7,320,543,603,530,251,5,170,378,408,344,170,2,150,165,195,186,81
1000114,아차산로15길,4423,3129,1294,16,705,1170,1151,898,483,8,389,821,852,641,418,8,316,349,299,257,65
1000113,아차산로11길,3763,2445,1318,13,621,910,984,841,394,8,322,629,684,511,291,5,299,281,300,330,103
1000112,송정4가길,1033,447,586,4,149,303,293,168,116,1,36,137,132,69,72,3,113,166,161,99,44
1000111,송정12라길,266,184,82,0,23,67,60,56,60,0,11,46,36,38,53,0,12,21,24,18,7
1000110,성수일로6길,2624,1639,985,10,407,708,642,488,369,9,188,447,432,327,236,1,219,261,210,161,133
1000109,성수이로7길,558,315,243,0,72,122,110,99,155,0,35,70,77,61,72,0,37,52,33,38,83
1000108,성수이로18길,2355,1649,706,13,308,607,678,539,210,12,160,406,506,398,167,1,148,201,172,141,43
1000107,성덕정길,897,521,376,14,159,219,215,202,88,2,53,130,126,142,68,12,106,89,89,60,20
1000106,성덕정17길,234,123,111,0,22,46,59,61,46,0,6,25,28,32,32,0,16,21,31,29,14
1000105,서울숲2길,1098,643,455,4,148,231,308,246,161,1,54,128,179,154,127,3,94,103,129,92,34
1000104,상원길,1553,997,556,1,213,448,451,293,147,0,80,306,313,206,92,1,133,142,138,87,55
1000103,상원12길,170,105,65,0,29,38,48,39,16,0,12,24,32,26,11,0,17,14,16,13,5
1000102,사근동길,30,18,12,0,4,11,10,3,2,0,3,4,6,3,2,0,1,7,4,0,0
1000101,무학봉길,5,3,2,0,0,2,1,2,0,0,0,0,1,2,0,0,0,2,0,0,0
1000100,무학봉28길,134,60,74,0,14,32,32,32,24,0,4,9,14,18,15,0,10,23,18,14,9
1000099,무학로6길,387,216,171,1,41,57,105,109,74,1,19,34,59,61,42,0,22,23,46,48,32
1000098,무수막길,153,74,79,0,30,37,29,36,21,0,10,24,13,14,13,0,20,13,16,22,8
1000097,매봉길,10,7,3,0,1,1,3,2,3,0,1,1,1,2,2,0,0,0,2,0,1
1000096,마조로1길,216,79,137,0,27,47,75,56,11,0,10,16,26,18,9,0,17,31,49,38,2
1000095,마조로16길,839,589,250,3,67,159,207,248,155,1,29,107,146,175,131,2,38,52,61,73,24
1000094,마장로39길,107,51,56,0,14,14,32,39,8,0,5,9,19,15,3,0,9,5,13,24,5
1000093,마장로27길,77,22,55,0,13,19,21,19,5,0,2,3,5,9,3,0,11,16,16,10,2
1000091,둘레9길,391,231,160,1,42,91,112,100,45,1,23,48,66,57,36,0,19,43,46,43,9
1000090,금호산길,436,156,280,1,58,94,115,116,52,0,16,36,35,43,26,1,42,58,80,73,26
1000089,금호산2길,36,12,24,0,3,9,13,7,4,0,0,4,2,3,3,0,3,5,11,4,1
1000088,고산자로6길,9832,3564,6268,12,910,1707,2991,3681,531,6,532,1113,996,549,368,6,378,594,1995,3132,163
1000087,후암로28길,209,92,117,1,45,39,58,48,18,0,13,17,27,22,13,1,32,22,31,26,5
1000086,효창원로39길,57,31,26,0,7,12,20,17,1,0,2,9,14,6,0,0,5,3,6,11,1
1000085,회나무로13길,85,46,39,0,31,31,11,8,4,0,17,17,7,2,3,0,14,14,4,6,1
1000084,한남대로20길,772,432,340,5,157,249,194,92,75,4,61,138,116,61,52,1,96,111,78,31,23
1000082,한강대로7길,491,331,160,3,53,90,97,85,163,2,35,67,78,58,91,1,18,23,19,27,72
1000081,한강대로62길,742,505,237,0,117,159,174,181,111,0,78,110,124,112,81,0,39,49,50,69,30
1000080,한강대로52길,1146,735,411,7,211,369,282,165,112,2,88,226,206,124,89,5,123,143,76,41,23
1000079,한강대로43길,5969,3751,2218,6,881,1512,1596,1228,746,2,405,967,1116,779,482,4,476,545,480,449,264
1000078,한강대로15길,1230,345,885,6,484,458,128,89,65,0,63,101,70,67,44,6,421,357,58,22,21
1000077,한강대로104길,11313,4081,7232,73,6404,2304,1335,648,549,12,827,1394,1023,476,349,61,5577,910,312,172,200
1000076,청파로73길,1175,614,561,3,133,334,316,256,133,1,55,149,141,153,115,2,78,185,175,103,18
1000075,청파로71길,228,112,116,0,31,46,76,62,13,0,8,22,28,45,9,0,23,24,48,17,4
1000074,청파로47나길,171,97,74,0,31,40,42,29,29,0,13,21,28,18,17,0,18,19,14,11,12
1000073,청파로47길,969,423,546,3,154,238,252,221,101,0,58,104,114,92,55,3,96,134,138,129,46
1000072,장문로45길,55,13,42,0,5,17,11,15,7,0,1,3,4,4,1,0,4,14,7,11,6
1000071,이태원로54길,2259,1093,1166,8,590,664,534,370,93,4,301,414,243,81,50,4,289,250,291,289,43
1000070,이태원로27길,629,356,273,2,252,160,90,69,56,1,133,103,47,40,32,1,119,57,43,29,24
1000069,이촌로22길,279,165,114,0,67,53,57,57,45,0,38,28,30,37,32,0,29,25,27,20,13
1000068,원효로89길,893,734,159,0,144,365,193,148,43,0,108,290,167,132,37,0,36,75,26,16,6
1000067,원효로53길,867,532,335,3,88,226,226,188,136,1,37,135,152,125,82,2,51,91,74,63,54
1000066,원효로41길,1490,1016,474,11,239,497,402,213,128,7,145,354,295,131,84,4,94,143,107,82,44
1000065,원효로19길,1038,733,305,1,164,326,306,147,94,0,92,241,241,102,57,1,72,85,65,45,37
1000064,우사단로4길,152,91,61,0,17,20,31,53,31,0,5,4,13,42,27,0,12,16,18,11,4
1000063,우사단로14길,1886,905,981,6,287,845,503,172,73,2,71,378,331,106,17,4,216,467,172,66,56
1000062,우사단로10길,87,39,48,0,14,22,18,21,12,0,1,12,6,14,6,0,13,10,12,7,6
1000061,신흥로20길,216,93,123,1,45,55,62,32,21,0,13,27,26,13,14,1,32,28,36,19,7
1000060,소월로20길,136,53,83,2,28,33,38,24,11,1,10,11,10,12,9,1,18,22,28,12,2
1000059,서빙고로71길,469,283,186,0,49,110,129,92,89,0,24,48,58,74,79,0,25,62,71,18,10
1000058,백범로90길,256,155,101,0,17,44,77,69,49,0,9,26,44,43,33,0,8,18,33,26,16
1000057,백범로79길,725,440,285,1,87,182,191,150,114,0,28,104,127,99,82,1,59,78,64,51,32
1000056,두텁바위로1길,2758,1484,1274,17,567,761,670,465,278,10,193,375,378,314,214,7,374,386,292,151,64
1000055,대사관로34길,291,142,149,0,46,72,63,65,45,0,15,39,31,33,24,0,31,33,32,32,21
1000054,녹사평대로46길,74,46,28,0,25,28,13,7,1,0,17,17,9,2,1,0,8,11,4,5,0
1000053,녹사평대로40나길,65,29,36,0,26,15,11,11,2,0,9,8,6,4,2,0,17,7,5,7,0
1000052,녹사평대로32길,389,218,171,1,65,79,64,76,104,0,39,42,27,39,71,1,26,37,37,37,33
1000051,녹사평대로26길,2081,1090,991,0,223,565,517,555,221,0,63,223,249,399,156,0,160,342,268,156,65
1000050,녹사평대로11길,267,175,92,2,32,69,95,48,21,2,17,38,68,33,17,0,15,31,27,15,4
1000049,퇴계로90길,599,220,379,2,83,143,132,146,93,1,32,50,53,46,38,1,51,93,79,100,55
1000048,퇴계로8길,2397,1293,1104,5,405,764,645,368,210,1,122,429,390,213,138,4,283,335,255,155,72
1000047,퇴계로56길,1285,1042,243,1,115,426,369,208,166,0,74,345,331,164,128,1,41,81,38,44,38
1000046,퇴계로46길,2119,1001,1118,3,376,547,539,460,194,0,76,193,259,316,157,3,300,354,280,144,37
1000045,퇴계로18길,3099,1354,1745,13,582,798,684,606,416,2,186,414,346,220,186,11,396,384,338,386,230
1000044,퇴계로12길,1154,488,666,6,238,307,220,250,133,0,41,117,109,138,83,6,197,190,111,112,50
1000043,청구로1길,250,84,166,0,58,47,50,60,35,0,14,24,20,18,8,0,44,23,30,42,27
1000042,청구로17길,1721,804,917,4,385,619,362,227,124,0,76,260,197,171,100,4,309,359,165,56,24
1000041,장충단로8길,3242,1195,2047,12,1130,862,584,346,308,3,246,310,299,188,149,9,884,552,285,158,159
1000040,삼일대로4길,957,571,386,5,134,250,244,170,154,0,50,133,171,105,112,5,84,117,73,65,42
1000039,명동길,36306,17786,18520,66,5013,13799,10352,5783,1293,19,1720,5976,5440,3770,861,47,3293,7823,4912,2013,432
1000037,동호로20길,854,337,517,11,277,243,156,110,57,2,105,82,67,47,34,9,172,161,89,63,23
1000036,동호로15길,4108,2168,1940,6,1596,1349,737,308,112,3,612,748,527,208,70,3,984,601,210,100,42
1000035,동호로11길,17,11,6,0,1,1,6,7,2,0,1,0,4,5,1,0,0,1,2,2,1
1000034,동호로10길,1587,702,885,6,338,439,348,320,136,3,101,190,183,157,68,3,237,249,165,163,68
1000033,다산로39길,1339,742,597,1,132,284,315,386,221,0,67,191,173,204,107,1,65,93,142,182,114
1000032,다산로38길,1628,724,904,7,502,469,333,213,104,5,148,214,171,121,65,2,354,255,162,92,39
1000031,다산로36길,70,42,28,0,10,17,15,22,6,0,5,11,9,13,4,0,5,6,6,9,2
1000030,다산로33길,396,202,194,1,75,81,95,101,43,0,35,48,50,42,27,1,40,33,45,59,16
1000029,난계로21길,252,160,92,1,36,48,80,65,22,1,14,29,58,42,16,0,22,19,22,23,6
1000028,난계로11길,1823,1066,757,4,357,503,358,332,269,0,182,304,229,191,160,4,175,199,129,141,109
1000027,필운대로1길,4,1,3,0,0,2,2,0,0,0,0,0,1,0,0,0,0,2,1,0,0
1000026,평창길,206,101,105,0,31,49,50,51,25,0,5,28,30,23,15,0,26,21,20,28,10
1000025,통일로12길,236,94,142,0,17,58,66,79,16,0,3,12,32,36,11,0,14,46,34,43,5
1000024,창신길,271,69,202,0,28,33,35,105,70,0,9,13,13,22,12,0,19,20,22,83,58
1000023,창신5길,8,3,5,0,0,0,4,2,2,0,0,0,1,1,1,0,0,0,3,1,1
1000022,창신2길,56,26,30,0,3,5,12,27,9,0,2,4,6,10,4,0,1,1,6,17,5
1000021,창경궁로35길,1114,326,788,2,234,297,352,185,44,0,24,87,113,71,31,2,210,210,239,114,13
1000020,지봉로8길,195,97,98,0,22,38,58,53,24,0,9,21,25,31,11,0,13,17,33,22,13
1000019,종로65길,486,250,236,1,63,102,127,99,94,1,26,50,59,49,65,0,37,52,68,50,29
1000016,자하문로7길,624,398,226,0,103,191,172,94,64,0,58,124,106,62,48,0,45,67,66,32,16
1000015,이화장길,1996,960,1036,1,341,572,527,406,149,0,129,224,279,236,92,1,212,348,248,170,57
1000014,율곡로16길,103,90,13,0,9,30,21,29,14,0,7,27,20,26,10,0,2,3,1,3,4
1000013,율곡로10길,2228,1612,616,3,289,694,650,372,220,2,150,521,508,265,166,1,139,173,142,107,54
1000012,옥인길,469,195,274,0,78,107,140,109,35,0,15,34,73,55,18,0,63,73,67,54,17
1000011,숭인동길,24,5,19,0,3,0,6,6,9,0,0,0,3,2,0,0,3,0,3,4,9
1000010,성균관로5길,133,82,51,0,13,10,11,16,83,0,4,5,5,6,62,0,9,5,6,10,21
1000009,삼청로5길,449,169,280,1,109,131,93,71,44,0,25,47,45,31,21,1,84,84,48,40,23
1000008,북촌로5나길,1693,1128,565,3,130,486,588,407,79,1,49,308,423,297,50,2,81,178,165,110,29
1000007,북촌로5길,57,24,33,0,3,15,12,15,12,0,1,6,5,5,7,0,2,9,7,10,5
1000006,북촌로11길,12,5,7,0,6,2,0,2,2,0,1,1,0,2,1,0,5,1,0,0,1
1000005,백석동길,139,73,66,0,27,38,27,29,18,0,11,16,13,19,14,0,16,22,14,10,4
1000004,명륜길,18,8,10,0,5,9,3,1,0,0,1,5,2,0,0,0,4,4,1,1,0
1000003,돈화문로11가길,1048,569,479,0,157,246,272,224,149,0,42,112,165,135,115,0,115,134,107,89,34
1000001,계동길,829,356,473,4,176,244,175,163,67,4,52,89,76,85,50,0,124,155,99,78,17