area_code,area_name,total,m,fm,age10,age20,age30,age40,age50,age60,남성연령대_10_상주인구_수,남성연령대_20_상주인구_수,남성연령대_30_상주인구_수,남성연령대_40_상주인구_수,남성연령대_50_상주인구_수,남성연령대_60_이상_상주인구_수,여성연령대_10_상주인구_수,여성연령대_20_상주인구_수,여성연령대_30_상주인구_수,여성연령대_40_상주인구_수,여성연령대_50_상주인구_수,여성연령대_60_이상_상주인구_수,총_가구_수,아파트_가구_수,비_아파트_가구_수
1001010,풍성로37가길,28320,13999,14321,3720,4084,5078,4372,4783,6283,1850,2016,2647,2263,2292,2931,1870,2068,2431,2109,2491,3352,13046,1888,11158
1001009,천호옛길,22242,10954,11288,2919,3124,3817,3404,3722,5256,1457,1526,1989,1782,1789,2411,1462,1598,1828,1622,1933,2845,10288,1770,8518
1001008,천호옛14길,16300,8141,8159,1647,2509,2931,2383,2789,4041,820,1202,1596,1268,1372,1883,827,1307,1335,1115,1417,2158,8379,265,8114
1001007,천호대로219길,5262,2676,2586,768,806,675,749,1080,1184,398,459,350,368,542,559,370,347,325,381,538,625,2175,182,1993
1001006,천호대로197길,21885,10817,11068,3442,3085,3294,3304,3824,4936,1845,1600,1666,1589,1800,2317,1597,1485,1628,1715,2024,2619,8598,3081,5517
1001005,천호대로187길,21567,10771,10796,3131,3149,3465,3271,3834,4717,1671,1588,1817,1649,1840,2206,1460,1561,1648,1622,1994,2511,9329,2252,7077
1001004,천호대로170길,32460,15847,16613,4212,5116,6464,4991,5290,6387,2202,2381,3206,2553,2496,3009,2010,2735,3258,2438,2794,3378,15298,2147,13151
1001003,천호대로162길,28146,13826,14320,3313,4183,5333,4218,4700,6399,1681,1981,2742,2169,2267,2986,1632,2202,2591,2049,2433,3413,13489,2258,11231
1001002,천중로51길,26251,12738,13513,3767,3860,4143,3931,4483,6067,1933,1945,2124,1892,2067,2777,1834,1915,2019,2039,2416,3290,10821,1622,9199
1001001,천중로39길,27338,13506,13832,3652,3819,4416,4120,4729,6602,1877,1928,2323,2103,2209,3066,1775,1891,2093,2017,2520,3536,12040,1095,10945
1001000,진황도로47길,17719,8780,8939,2189,2577,3084,2633,3078,4158,1149,1277,1596,1358,1440,1960,1040,1300,1488,1275,1638,2198,8099,1143,6956
1000999,진황도로27길,33472,16550,16922,3787,5222,6425,4920,5564,7554,1951,2361,3217,2650,2779,3592,1836,2861,3208,2270,2785,3962,16831,2532,14299
1000998,올림픽로98길,27578,13811,13767,3591,3882,4750,4256,4680,6419,1867,1987,2546,2187,2301,2923,1724,1895,2204,2069,2379,3496,12866,1336,11530
1000997,올림픽로80길,17130,8691,8439,1728,2289,2611,2601,3321,4580,877,1141,1385,1406,1782,2100,851,1148,1226,1195,1539,2480,9101,566,8535
1000996,올림픽로78길,14230,7133,7097,1344,1981,2719,2156,2560,3470,688,911,1402,1162,1373,1597,656,1070,1317,994,1187,1873,7950,562,7388
1000995,올림픽로77길,15324,7742,7582,1613,2164,3008,2269,2697,3573,833,1027,1582,1234,1399,1667,780,1137,1426,1035,1298,1906,8011,491,7520
1000994,올림픽로71길,12805,6438,6367,1230,1868,2434,1913,2185,3175,629,879,1290,1018,1126,1496,601,989,1144,895,1059,1679,6871,322,6549
1000993,올림픽로48길,12523,6070,6453,2186,1667,1978,2062,1955,2675,1125,844,912,1009,933,1247,1061,823,1066,1053,1022,1428,4827,1727,3100
1000992,양재대로96길,19399,9546,9853,3238,2800,3043,3075,3210,4033,1735,1425,1542,1510,1534,1800,1503,1375,1501,1565,1676,2233,7806,1437,6369
1000991,양재대로95길,23663,11664,11999,3415,3529,4057,3656,4009,4997,1839,1803,2103,1811,1858,2250,1576,1726,1954,1845,2151,2747,10172,1256,8916
1000990,양재대로91길,21081,10489,10592,3289,3117,3374,3392,3571,4338,1828,1641,1725,1682,1696,1917,1461,1476,1649,1710,1875,2421,8890,1323,7567
1000989,양재대로133길,26417,12965,13452,3755,3655,4114,4033,4547,6313,1889,1867,2097,2074,2165,2873,1866,1788,2017,1959,2382,3440,11437,1691,9746
1000988,양재대로124길,25504,12481,13023,3608,3609,4133,3928,4384,5842,1893,1825,2129,1906,2059,2669,1715,1784,2004,2022,2325,3173,10805,1217,9588
1000987,양재대로116길,17769,8809,8960,2400,2407,2839,2747,3060,4316,1300,1195,1478,1375,1432,2029,1100,1212,1361,1372,1628,2287,7691,1215,6476
1000986,양재대로101길,26996,13215,13781,3401,4431,5343,4048,4448,5325,1828,2040,2668,2056,2124,2499,1573,2391,2675,1992,2324,2826,12804,1693,11111
1000985,암사길,37477,18650,18827,5799,5020,5966,5932,6427,8333,2952,2632,3093,3031,3190,3752,2847,2388,2873,2901,3237,4581,16030,916,15114
1000984,성안로3길,15271,7485,7786,2601,2085,2501,2533,2351,3200,1389,1055,1230,1213,1116,1482,1212,1030,1271,1320,1235,1718,6019,1016,5003
1000983,성내로5길,21047,10271,10776,3181,2879,3575,3386,3406,4620,1581,1404,1770,1731,1641,2144,1600,1475,1805,1655,1765,2476,9216,2306,6910
1000982,상일로5길,6539,3305,3234,1169,941,785,1009,1260,1375,594,526,410,489,646,640,575,415,375,520,614,735,2502,551,1951
1000981,상암로5길,22266,10964,11302,3508,3078,3948,3587,3459,4686,1829,1540,1978,1806,1647,2164,1679,1538,1970,1781,1812,2522,9303,4214,5089
1000980,상암로51길,22482,10974,11508,3707,3083,3236,3495,3810,5151,1899,1619,1621,1701,1765,2369,1808,1464,1615,1794,2045,2782,8686,3458,5228
1000979,상암로4길,22129,11025,11104,3252,3000,4369,3487,3555,4466,1687,1503,2223,1806,1738,2068,1565,1497,2146,1681,1817,2398,9670,2935,6735
1000978,상암로14길,21533,10838,10695,2760,3084,3885,3324,3671,4809,1427,1573,2040,1731,1824,2243,1333,1511,1845,1593,1847,2566,10181,1087,9094
1000977,명일로13길,23136,11442,11694,3737,3263,3603,3578,3956,4999,1973,1671,1841,1751,1867,2339,1764,1592,1762,1827,2089,2660,9377,3085,6292
1000976,동남로85길,13231,6793,6438,3076,1472,1967,2421,2066,2229,1686,826,939,1246,1044,1052,1390,646,1028,1175,1022,1177,4666,767,3899
1000975,동남로82길,4617,2456,2161,575,637,505,695,937,1268,300,379,293,370,492,622,275,258,212,325,445,646,2112,0,2112
1000974,동남로65길,12517,6218,6299,2753,1624,1305,2276,2144,2415,1451,891,634,1033,1075,1134,1302,733,671,1243,1069,1281,4169,2489,1680
1000973,구천면로42길,31916,15901,16015,4314,4399,5032,4850,5686,7635,2204,2227,2666,2499,2767,3538,2110,2172,2366,2351,2919,4097,14312,1418,12894
1000972,구천면로41길,28177,14075,14102,3773,3916,4625,4235,5060,6568,1934,2007,2449,2178,2465,3042,1839,1909,2176,2057,2595,3526,12712,1480,11232
1000971,구천면로36길,26672,13585,13087,3190,3636,4140,3971,4938,6797,1620,1845,2249,2132,2543,3196,1570,1791,1891,1839,2395,3601,13111,915,12196
1000970,고덕로61길,17436,8854,8582,4280,1854,2814,3346,2527,2615,2357,1022,1294,1690,1254,1237,1923,832,1520,1656,1273,1378,5924,720,5204
1000969,고덕로25길,14026,7008,7018,2592,1731,2240,2366,2251,2846,1326,914,1147,1196,1121,1304,1266,817,1093,1170,1130,1542,5553,1108,4445
1000968,고덕로10길,24978,12369,12609,3717,3405,4446,4000,3965,5445,1925,1715,2277,2040,1902,2510,1792,1690,2169,1960,2063,2935,10989,3284,7705
1000967,강동대로53길,14233,7095,7138,2350,2015,2153,2394,2347,2974,1344,1065,1079,1144,1127,1336,1006,950,1074,1250,1220,1638,5895,603,5292
1000966,풍성로25길,15289,7581,7708,1785,2174,2495,2366,2565,3904,941,1034,1351,1236,1240,1779,844,1140,1144,1130,1325,2125,7552,360,7192
1000965,오금로46길,22898,11111,11787,4066,3350,3350,3473,4011,4648,2097,1683,1649,1628,1855,2199,1969,1667,1701,1845,2156,2449,8181,5391,2790
1000964,오금로36길,17333,8519,8814,2658,2750,2875,2558,3092,3400,1383,1380,1423,1222,1452,1659,1275,1370,1452,1336,1640,1741,6929,1364,5565
1000963,오금로11길,23040,11030,12010,2614,3986,5448,3256,3391,4345,1341,1838,2665,1660,1503,2023,1273,2148,2783,1596,1888,2322,11864,782,11082
1000962,양재대로72길,18865,9138,9727,3515,2768,2263,2979,3381,3959,1821,1391,1021,1308,1636,1961,1694,1377,1242,1671,1745,1998,6475,4494,1981
1000961,양재대로71길,15238,7300,7938,2687,2342,1974,2388,2761,3086,1359,1159,904,1058,1308,1512,1328,1183,1070,1330,1453,1574,5435,3320,2115
1000960,양재대로64길,19327,9694,9633,3022,3024,3368,3019,3410,3484,1593,1533,1692,1487,1678,1711,1429,1491,1676,1532,1732,1773,7927,2185,5742
1000959,양재대로62길,15339,7581,7758,2270,2245,2785,2289,2677,3073,1184,1098,1391,1138,1301,1469,1086,1147,1394,1151,1376,1604,6427,2907,3520
1000958,송파대로30길,15978,7968,8010,2185,2433,3048,2380,2804,3128,1142,1202,1517,1191,1374,1542,1043,1231,1531,1189,1430,1586,6990,2519,4471
1000957,송이로36길,24668,11797,12871,3214,4824,6729,3598,3170,3133,1588,2093,3400,1766,1488,1462,1626,2731,3329,1832,1682,1671,12542,1155,11387
1000956,송이로32길,23730,11778,11952,3521,3935,4296,3434,4133,4411,1819,1982,2249,1696,1936,2096,1702,1953,2047,1738,2197,2315,9682,2755,6927
1000955,송이로23길,23102,11446,11656,4209,3488,3916,4032,3705,3752,2235,1734,1916,1974,1818,1769,1974,1754,2000,2058,1887,1983,9269,2999,6270
1000954,삼전로13길,36747,17621,19126,5800,5543,7621,6500,5166,6117,3013,2556,3595,3164,2497,2796,2787,2987,4026,3336,2669,3321,17302,358,16944
1000953,백제고분로50길,23274,11362,11912,3338,3727,4613,3615,3723,4258,1799,1837,2301,1753,1718,1954,1539,1890,2312,1862,2005,2304,10655,422,10233
1000952,백제고분로46길,25507,12201,13306,3781,4203,4716,3763,4112,4932,1939,1989,2295,1768,1884,2326,1842,2214,2421,1995,2228,2606,10726,2500,8226
1000951,백제고분로45길,23424,11155,12269,2809,4106,5392,3340,3426,4351,1404,1919,2647,1632,1538,2015,1405,2187,2745,1708,1888,2336,11509,351,11158
1000950,백제고분로42길,17713,8530,9183,2305,3089,3725,2569,2713,3312,1178,1427,1818,1212,1339,1556,1127,1662,1907,1357,1374,1756,8318,737,7581
1000949,백제고분로39길,16354,7731,8623,2016,2821,3793,2493,2315,2916,1031,1187,1814,1229,1094,1376,985,1634,1979,1264,1221,1540,8254,385,7869
1000948,백제고분로34길,24925,11994,12931,3294,3875,5397,4013,3666,4680,1708,1845,2661,2009,1698,2073,1586,2030,2736,2004,1968,2607,12059,123,11936
1000947,백제고분로33길,23759,11253,12506,2994,3949,5544,3731,3381,4160,1541,1733,2662,1863,1563,1891,1453,2216,2882,1868,1818,2269,12013,114,11899
1000946,백제고분로32길,25410,12191,13219,3444,4024,5580,4163,3735,4464,1799,1917,2730,2060,1716,1969,1645,2107,2850,2103,2019,2495,12395,57,12338
1000945,백제고분로31길,28720,13594,15126,3963,4531,6270,4737,4145,5074,2053,2055,2979,2296,1920,2291,1910,2476,3291,2441,2225,2783,14016,38,13978
1000944,백제고분로22길,24574,11851,12723,3303,3993,5373,4052,3732,4121,1722,1865,2653,1979,1770,1862,1581,2128,2720,2073,1962,2259,11845,708,11137
1000943,백제고분로21길,24267,11586,12681,3697,3762,4961,4341,3432,4074,1917,1694,2358,2092,1657,1868,1780,2068,2603,2249,1775,2206,11546,0,11546
1000942,마천로51길,18995,9746,9249,2501,2244,2360,2921,3575,5394,1273,1218,1276,1589,1906,2484,1228,1026,1084,1332,1669,2910,8635,1021,7614
1000941,동남로20길,18932,9237,9695,3628,2668,2773,3144,3133,3586,1903,1359,1335,1496,1469,1675,1725,1309,1438,1648,1664,1911,6639,4237,2402
1000940,거마로20길,16584,8441,8143,2236,2035,2071,2637,3191,4414,1141,1123,1122,1392,1640,2023,1095,912,949,1245,1551,2391,7345,764,6581
1000939,학동로77길,14877,7028,7849,3062,1904,2553,2984,1908,2466,1662,903,1048,1382,941,1092,1400,1001,1505,1602,967,1374,5859,2588,3271
1000938,학동로6길,13690,6331,7359,1081,2756,3617,2342,1598,2296,532,1230,1656,1134,772,1007,549,1526,1961,1208,826,1289,8430,17,8413
1000937,학동로56길,14342,6752,7590,2823,1980,2568,2935,1872,2164,1515,930,1072,1316,941,978,1308,1050,1496,1619,931,1186,6109,2414,3695
1000936,학동로38길,6812,3206,3606,791,1143,1641,1204,847,1186,415,517,734,611,392,537,376,626,907,593,455,649,3694,320,3374
1000935,테헤란로81길,3131,1554,1577,356,544,567,512,483,669,196,283,280,240,250,305,160,261,287,272,233,364,1605,196,1409
1000934,일원로9길,14006,6960,7046,2242,2191,2113,2123,2285,3052,1235,1173,1066,1028,1083,1375,1007,1018,1047,1095,1202,1677,5989,482,5507
1000933,일원로3길,14488,7238,7250,2457,2289,2238,2335,2354,2815,1363,1219,1114,1103,1131,1308,1094,1070,1124,1232,1223,1507,6279,662,5617
1000932,영동대로65길,15075,7795,7280,3239,2238,1804,3209,2402,2183,2063,1191,876,1433,1225,1007,1176,1047,928,1776,1177,1176,6100,1607,4493
1000931,영동대로112길,7775,3849,3926,1356,1095,1238,1330,1219,1537,767,603,576,612,573,718,589,492,662,718,646,819,3029,938,2091
1000930,언주로81길,17425,8366,9059,3150,2570,3635,3607,2093,2370,1593,1147,1672,1743,1133,1078,1557,1423,1963,1864,960,1292,8508,2050,6458
1000929,압구정로2길,10275,4885,5390,1876,1453,1533,2064,1478,1871,999,669,669,945,762,841,877,784,864,1119,716,1030,4341,1689,2652
1000928,선릉로18길,3467,1692,1775,493,508,435,505,632,894,253,278,217,228,323,393,240,230,218,277,309,501,1548,430,1118
1000927,선릉로146길,9678,4468,5210,1738,1425,1835,1867,1169,1644,947,609,739,874,573,726,791,816,1096,993,596,918,4280,499,3781
1000926,선릉로133길,8299,3861,4438,1168,1200,1636,1495,1117,1683,614,533,704,719,542,749,554,667,932,776,575,934,3981,1132,2849
1000925,선릉로132길,17662,8325,9337,3840,2284,3014,3739,2208,2577,2085,1044,1232,1714,1123,1127,1755,1240,1782,2025,1085,1450,6996,3091,3905
1000924,선릉로121길,10697,5044,5653,1639,1635,2262,1941,1379,1841,878,779,967,903,678,839,761,856,1295,1038,701,1002,5105,1143,3962
1000923,삼성로75길,16021,7710,8311,2671,2768,3004,3172,2253,2153,1483,1308,1371,1420,1154,974,1188,1460,1633,1752,1099,1179,7886,606,7280
1000922,삼성로69길,22031,10792,11239,4362,3607,3063,4664,3460,2875,2540,1797,1441,1998,1740,1276,1822,1810,1622,2666,1720,1599,9678,1235,8443
1000921,삼성로64길,18017,9219,8798,3917,2715,1685,3775,3299,2626,2381,1467,806,1627,1701,1237,1536,1248,879,2148,1598,1389,6583,3015,3568
1000920,삼성로63길,20877,10353,10524,4751,3151,2224,4681,3530,2540,2827,1570,1030,1976,1826,1124,1924,1581,1194,2705,1704,1416,8136,2374,5762
1000919,삼성로57길,19967,10009,9958,5072,2694,1882,4651,3328,2340,2921,1374,829,2001,1789,1095,2151,1320,1053,2650,1539,1245,6913,3540,3373
1000918,삼성로147길,11080,5146,5934,1942,1524,2005,2103,1456,2050,1047,676,816,993,706,908,895,848,1189,1110,750,1142,4921,971,3950
1000917,삼성로115길,18779,8909,9870,3817,2365,3527,3947,2300,2823,2102,1132,1427,1844,1168,1236,1715,1233,2100,2103,1132,1587,8189,2895,5294
1000916,봉은사로68길,11219,5377,5842,1761,1667,2319,2219,1470,1783,960,817,992,1074,766,768,801,850,1327,1145,704,1015,5635,1309,4326
1000915,봉은사로57길,12025,5649,6376,2169,1704,2229,2435,1542,1946,1165,821,917,1105,770,871,1004,883,1312,1330,772,1075,5580,1204,4376
1000914,봉은사로43길,15267,7046,8221,1946,2434,3505,2687,1996,2699,1015,1099,1523,1268,960,1181,931,1335,1982,1419,1036,1518,7935,1030,6905
1000913,봉은사로29길,12490,5845,6645,1379,2220,3143,2118,1518,2112,695,1012,1420,1064,710,944,684,1208,1723,1054,808,1168,6822,694,6128
1000912,봉은사로109길,11638,5828,5810,2087,1685,1717,1911,1937,2301,1193,944,808,879,917,1087,894,741,909,1032,1020,1214,4287,1873,2414
1000911,도산대로89길,8303,3813,4490,1365,1115,1273,1482,1335,1733,676,515,556,675,605,786,689,600,717,807,730,947,3494,750,2744
1000910,도산대로81길,8072,3696,4376,1331,1081,1141,1421,1263,1835,643,494,477,648,586,848,688,587,664,773,677,987,3396,754,2642
1000909,도산대로50길,7543,3537,4006,968,1111,1521,1319,1002,1622,531,479,669,648,497,713,437,632,852,671,505,909,3708,959,2749
1000908,도산대로38길,4495,2118,2377,431,759,1182,743,521,859,231,336,560,374,231,386,200,423,622,369,290,473,2566,287,2279
1000907,도산대로30길,4656,2168,2488,402,830,1238,788,537,861,213,356,582,392,236,389,189,474,656,396,301,472,2758,52,2706
1000906,도산대로23길,5605,2541,3064,698,953,1234,1026,644,1050,349,400,539,489,295,469,349,553,695,537,349,581,2973,31,2942
1000905,도산대로15길,6178,2775,3403,759,1073,1394,1121,724,1107,379,433,611,539,323,490,380,640,783,582,401,617,3324,31,3293
1000904,도곡로37길,24155,11542,12613,4777,3450,4054,4948,3229,3697,2418,1592,1835,2362,1642,1693,2359,1858,2219,2586,1587,2004,10400,3796,6604
1000903,논현로8길,9524,4733,4791,1608,1389,1789,1666,1528,1544,875,708,916,793,740,701,733,681,873,873,788,843,4027,185,3842
1000902,논현로63길,17485,8377,9108,2477,3003,3645,2928,2437,2995,1203,1414,1711,1439,1174,1436,1274,1589,1934,1489,1263,1559,8473,1998,6475
1000901,논현로28길,9319,4380,4939,1215,1431,1783,1371,1454,2065,616,677,821,656,655,955,599,754,962,715,799,1110,4174,1046,3128
1000900,논현로26길,11062,5294,5768,1411,1693,2139,1744,1716,2359,720,785,1011,857,818,1103,691,908,1128,887,898,1256,5288,1264,4024
1000899,논현로159길,6402,2872,3530,907,983,1318,1157,803,1234,460,411,570,540,371,520,447,572,748,617,432,714,3263,255,3008
1000898,논현로139길,7159,3289,3870,651,1285,1736,1218,880,1389,322,554,787,581,409,636,329,731,949,637,471,753,4064,138,3926
1000897,논현로123길,12198,5645,6553,889,2525,3357,2073,1401,1953,441,1111,1549,1029,669,846,448,1414,1808,1044,732,1107,7729,17,7712
1000896,논현로115길,14907,6958,7949,1096,3096,4180,2470,1711,2354,530,1366,1918,1258,833,1053,566,1730,2262,1212,878,1301,9464,222,9242
1000895,논현로10길,13467,6625,6842,2089,2010,2496,2416,2202,2254,1075,1013,1286,1160,1067,1024,1014,997,1210,1256,1135,1230,5992,105,5887
1000894,논현로106길,8904,4185,4719,775,1668,2696,1444,1033,1288,390,728,1215,727,527,598,385,940,1481,717,506,690,5514,535,4979
1000893,남부순환로365길,18650,8834,9816,3554,2569,2949,3326,2822,3430,1704,1218,1360,1588,1356,1608,1850,1351,1589,1738,1466,1822,7213,3319,3894
1000892,개포로82길,7192,3464,3728,1416,1062,696,1278,1364,1376,715,540,328,537,689,655,701,522,368,741,675,721,2435,1923,512
1000891,개포로28길,10500,5150,5350,1657,1562,1741,1915,1805,1820,852,788,875,914,882,839,805,774,866,1001,923,981,4653,186,4467
1000890,개포로20길,12431,6207,6224,1845,1919,2357,2211,2024,2075,946,969,1211,1102,994,985,899,950,1146,1109,1030,1090,5767,186,5581
1000889,개포로17길,12114,5901,6213,1631,1856,2056,2094,2001,2476,821,900,1012,1022,976,1170,810,956,1044,1072,1025,1306,5790,773,5017
1000888,강남대로140길,5291,2393,2898,507,888,1287,830,731,1048,246,380,565,403,326,473,261,508,722,427,405,575,2847,552,2295
1000887,강남대로136길,10475,4844,5631,878,1830,2594,1795,1425,1953,442,812,1189,865,681,855,436,1018,1405,930,744,1098,6170,552,5618
1000886,강남대로118길,14223,6624,7599,1038,3023,3933,2337,1623,2269,518,1352,1797,1174,785,998,520,1671,2136,1163,838,1271,8996,201,8795
1000885,서초중앙로8길,15333,7459,7874,2679,2069,2810,2770,2060,2945,1425,999,1307,1339,998,1391,1254,1070,1503,1431,1062,1554,6590,2391,4199
1000884,방배중앙로21길,16232,7508,8724,3043,2234,2286,3042,2488,3139,1396,1028,1038,1397,1235,1414,1647,1206,1248,1645,1253,1725,6572,538,6034
1000883,효령로72길,8984,4360,4624,1629,1229,1686,1712,1156,1572,873,578,765,839,565,740,756,651,921,873,591,832,3850,1286,2564
1000882,효령로34길,8446,4151,4295,1280,1124,1202,1250,1418,2172,685,610,560,576,667,1053,595,514,642,674,751,1119,3289,1759,1530
1000881,효령로31길,15728,7361,8367,2393,2433,3108,2646,2158,2990,1265,1113,1437,1225,975,1346,1128,1320,1671,1421,1183,1644,6971,233,6738
1000880,효령로23길,16986,8076,8910,2503,2646,3034,2749,2522,3532,1340,1269,1446,1281,1146,1594,1163,1377,1588,1468,1376,1938,7323,664,6659
1000879,청두곶길,16633,7867,8766,2614,2495,2704,2673,2520,3627,1310,1177,1307,1289,1150,1634,1304,1318,1397,1384,1370,1993,7246,634,6612
1000878,주흥길,18656,8957,9699,2524,3231,4114,3479,2294,3014,1281,1465,1895,1833,1175,1308,1243,1766,2219,1646,1119,1706,10105,1779,8326
1000877,주흥15길,17211,8254,8957,2357,2978,3726,3059,2160,2931,1212,1358,1719,1573,1086,1306,1145,1620,2007,1486,1074,1625,9070,2227,6843
1000876,언남길,10147,5217,4930,1351,1556,2257,1778,1484,1721,687,804,1203,957,748,818,664,752,1054,821,736,903,5109,49,5060
1000875,신반포로45길,17235,8212,9023,2665,2509,3333,3083,2514,3131,1364,1179,1553,1470,1253,1393,1301,1330,1780,1613,1261,1738,8126,2858,5268
1000874,서초대로8길,19352,9052,10300,3056,2959,3305,3147,2844,4041,1568,1370,1524,1453,1322,1815,1488,1589,1781,1694,1522,2226,8204,626,7578
1000873,서초대로64길,16555,8020,8535,3345,2096,2563,3055,2414,3082,1728,1064,1132,1465,1198,1433,1617,1032,1431,1590,1216,1649,6236,3352,2884
1000872,서초대로4길,17339,8029,9310,2797,2618,2801,2841,2640,3642,1376,1136,1297,1326,1247,1647,1421,1482,1504,1515,1393,1995,7556,925,6631
1000871,서초대로25길,15257,7227,8030,2544,2168,2510,2600,2241,3194,1318,1024,1133,1233,1057,1462,1226,1144,1377,1367,1184,1732,6345,310,6035
1000870,서초대로23길,13709,6416,7293,2391,1880,2300,2505,1953,2680,1190,874,1020,1191,942,1199,1201,1006,1280,1314,1011,1481,5770,254,5516
1000869,서초대로15길,15468,7157,8311,2817,2081,2548,2867,2194,2961,1326,950,1156,1323,1076,1326,1491,1131,1392,1544,1118,1635,6531,361,6170
1000868,사평대로57길,11880,5785,6095,691,2660,3202,1950,1429,1948,352,1174,1544,1085,759,871,339,1486,1658,865,670,1077,8000,157,7843
1000867,사평대로26길,8949,4165,4784,1955,1081,1225,1713,1301,1674,995,508,510,780,622,750,960,573,715,933,679,924,3249,1007,2242
1000866,사평대로22길,10438,4850,5588,2199,1254,1392,1991,1501,2101,1114,596,587,880,719,954,1085,658,805,1111,782,1147,3841,926,2915
1000865,사임당로17길,10413,5020,5393,1815,1530,1784,1791,1519,1974,925,757,816,868,744,910,890,773,968,923,775,1064,4521,1894,2627
1000864,방배로42길,13707,6420,7287,2871,1653,1770,2608,2078,2727,1429,793,730,1195,1034,1239,1442,860,1040,1413,1044,1488,5000,1569,3431
1000863,방배로35길,16613,7762,8851,3275,2117,2402,3149,2504,3166,1564,1013,1076,1463,1238,1408,1711,1104,1326,1686,1266,1758,6613,839,5774
1000862,방배로18길,13424,6326,7098,2041,1931,2550,2183,1834,2885,1075,905,1163,1024,844,1315,966,1026,1387,1159,990,1570,5839,305,5534
1000861,반포대로9길,10700,5305,5395,2130,1583,1475,1856,1731,1925,1199,835,713,814,848,896,931,748,762,1042,883,1029,3934,459,3475
1000860,바우뫼로39길,10048,4833,5215,1108,1628,2296,1519,1441,2056,583,771,1157,741,662,919,525,857,1139,778,779,1137,5107,332,4775
1000859,마방로2길,6816,3414,3402,845,1060,1476,1128,998,1309,423,547,763,589,480,612,422,513,713,539,518,697,3429,140,3289
1000858,방배천로4안길,14012,6500,7512,1972,2365,2492,2111,2060,3012,978,1059,1165,999,940,1359,994,1306,1327,1112,1120,1653,6527,871,5656
1000857,동산로19길,14397,7234,7163,2074,2239,3057,2523,2206,2298,1064,1124,1609,1279,1101,1057,1010,1115,1448,1244,1105,1241,6758,0,6758
1000856,동산로10길,13070,6524,6546,2009,1934,2775,2238,1879,2235,1041,990,1442,1134,911,1006,968,944,1333,1104,968,1229,5994,101,5893
1000855,동광로39길,10488,4829,5659,2089,1312,1611,1920,1464,2092,1076,591,703,849,680,930,1013,721,908,1071,784,1162,4023,780,3243
1000854,동광로1길,17884,8344,9540,3605,2344,2356,3442,2846,3291,1709,1121,1060,1543,1428,1483,1896,1223,1296,1899,1418,1808,6701,1568,5133
1000853,동광로12길,19683,8921,10762,3790,2700,2998,3741,2916,3538,1664,1181,1321,1690,1460,1605,2126,1519,1677,2051,1456,1933,8048,308,7740
1000852,논현로27길,8794,4291,4503,971,1435,1904,1367,1282,1835,508,695,935,687,613,853,463,740,969,680,669,982,4530,310,4220
1000851,논현로1길,14588,7224,7364,2366,2101,2996,2551,2190,2384,1225,1072,1542,1257,1068,1060,1141,1029,1454,1294,1122,1324,6398,31,6367
1000850,남부순환로339길,8960,4359,4601,1613,1126,1489,1603,1275,1854,875,562,688,749,608,877,738,564,801,854,667,977,3470,973,2497
1000849,남부순환로325길,9634,4647,4987,1334,1481,1555,1546,1554,2164,731,698,698,700,751,1069,603,783,857,846,803,1095,4391,651,3740
1000848,남부순환로317길,11085,5428,5657,1884,1762,1575,1826,1825,2213,1041,880,747,831,898,1031,843,882,828,995,927,1182,4548,571,3977
1000847,고무래로8길,16412,8000,8412,4097,1784,2218,3413,2186,2714,2136,904,961,1596,1118,1285,1961,880,1257,1817,1068,1429,5421,2522,2899
1000846,강남대로8길,9879,4940,4939,1407,1482,2120,1612,1482,1776,723,750,1104,827,717,819,684,732,1016,785,765,957,4650,209,4441
1000845,강남대로34길,9505,4542,4963,1137,1562,2118,1396,1374,1918,589,704,1083,666,645,855,548,858,1035,730,729,1063,4654,338,4316
1000844,강남대로23길,4776,2254,2522,688,687,933,774,664,1030,349,329,439,377,300,460,339,358,494,397,364,570,2183,219,1964
1000843,소담길,18251,9237,9014,1953,4054,3299,2514,2487,3944,1003,1965,1878,1368,1217,1806,950,2089,1421,1146,1270,2138,10071,464,9607
1000842,원신길,12620,6492,6128,1461,1811,1644,1936,2174,3594,756,988,973,1079,1108,1588,705,823,671,857,1066,2006,6025,1272,4753
1000841,양지길,11903,6256,5647,1129,1974,1736,1831,1937,3296,588,1078,1087,1056,1028,1419,541,896,649,775,909,1877,6683,757,5926
1000840,양산길,15184,7752,7432,1617,2550,2568,2222,2456,3771,815,1335,1462,1224,1201,1715,802,1215,1106,998,1255,2056,7705,1861,5844
1000839,호암로24길,19523,11620,7903,1208,5450,4020,2850,2324,3671,635,3266,2725,1955,1396,1643,573,2184,1295,895,928,2028,13990,152,13838
1000838,호암로20길,19326,11376,7950,1457,4622,3626,3033,2642,3946,746,2771,2434,2057,1580,1788,711,1851,1192,976,1062,2158,12925,155,12770
1000837,행운길,24803,12099,12704,2286,6763,5628,3132,2774,4220,1166,3054,2933,1641,1381,1924,1120,3709,2695,1491,1393,2296,15031,1196,13835
1000836,행운1길,18859,9302,9557,1584,5374,3902,2293,2139,3567,802,2418,2106,1260,1074,1642,782,2956,1796,1033,1065,1925,11676,190,11486
1000835,청림3길,33889,16512,17377,5650,4249,5625,5415,5108,7842,2899,2196,2802,2752,2399,3464,2751,2053,2823,2663,2709,4378,13258,7397,5861
1000834,청룡길,23569,11337,12232,1626,7926,4923,2629,2455,4010,828,3376,2587,1449,1236,1861,798,4550,2336,1180,1219,2149,16167,544,15623
1000833,청룡8길,14944,7371,7573,1460,3599,2755,1961,1858,3311,760,1597,1503,1080,924,1507,700,2002,1252,881,934,1804,8912,608,8304
1000832,중앙길,29516,14360,15156,3436,6417,5408,4017,4021,6217,1803,2919,2836,2106,1952,2744,1633,3498,2572,1911,2069,3473,15181,1773,13408
1000831,조원중앙로2길,22642,11317,11325,2621,4300,4022,3234,3529,4936,1327,1999,2190,1685,1771,2345,1294,2301,1832,1549,1758,2591,11647,2063,9584
1000830,조원로18길,16156,8008,8148,1748,3602,3153,2258,2209,3186,886,1639,1689,1218,1088,1488,862,1963,1464,1040,1121,1698,8967,1019,7948
1000829,조원로10길,19878,10356,9522,1578,4601,4804,2658,2713,3524,806,2105,2797,1494,1457,1697,772,2496,2007,1164,1256,1827,12615,530,12085
1000828,장군봉2길,12733,6362,6371,1256,2898,2605,1644,1543,2787,645,1397,1424,917,737,1242,611,1501,1181,727,806,1545,7226,582,6644
1000827,장군봉1길,16378,7998,8380,1526,3925,3177,2046,2013,3691,784,1723,1701,1130,982,1678,742,2202,1476,916,1031,2013,9793,756,9037
1000826,인헌길,21831,10661,11170,2723,4149,4190,3238,3133,4398,1390,2021,2185,1615,1505,1945,1333,2128,2005,1623,1628,2453,10691,788,9903
1000825,은천로25길,24788,12075,12713,4690,3207,3826,4533,3450,5082,2417,1594,1866,2295,1717,2186,2273,1613,1960,2238,1733,2896,10058,1879,8179
1000824,양녕로6길,23106,11116,11990,2044,5988,4615,2806,2963,4690,1055,2592,2390,1501,1458,2120,989,3396,2225,1305,1505,2570,13453,1514,11939
1000823,신원로3길,21890,10951,10939,1789,5713,4367,2821,2731,4469,906,2815,2445,1527,1288,1970,883,2898,1922,1294,1443,2499,13193,744,12449
1000822,신사로20길,14298,7135,7163,1523,3080,2635,2118,2067,2875,794,1452,1478,1086,1028,1297,729,1628,1157,1032,1039,1578,7987,215,7772
1000821,신림로65길,18365,9274,9091,985,6318,4496,2131,1793,2642,530,2889,2496,1226,892,1241,455,3429,2000,905,901,1401,13330,85,13245
1000820,신림로64길,18343,9311,9032,1208,5352,4362,2276,2015,3130,640,2520,2443,1286,984,1438,568,2832,1919,990,1031,1692,12205,210,11995
1000819,신림로48길,17901,9188,8713,1607,4318,3580,2376,2390,3630,821,2261,2057,1293,1106,1650,786,2057,1523,1083,1284,1980,9904,547,9357
1000818,신림로38길,18005,9621,8384,1803,3860,3436,2473,2642,3791,952,2104,2082,1413,1330,1740,851,1756,1354,1060,1312,2051,9862,496,9366
1000817,신림로28길,21882,12254,9628,1807,5475,4440,3053,2845,4262,947,3133,2804,1892,1540,1938,860,2342,1636,1161,1305,2324,13771,1591,12180
1000816,신림로11길,18914,11404,7510,1537,5489,3840,2729,2305,3014,808,3370,2575,1843,1370,1438,729,2119,1265,886,935,1576,12693,1039,11654
1000815,신림동길,25008,12597,12411,1636,8100,6115,2996,2517,3644,852,3764,3387,1672,1245,1677,784,4336,2728,1324,1272,1967,17352,85,17267
1000814,승방길,13165,6162,7003,1392,2749,2722,1638,1919,2745,692,1182,1370,784,835,1299,700,1567,1352,854,1084,1446,6373,1363,5010
1000813,서림7길,17362,10244,7118,1388,5119,3711,2376,1977,2791,752,3098,2471,1547,1109,1267,636,2021,1240,829,868,1524,11604,168,11436
1000812,봉천로33길,25762,12561,13201,3196,4826,4775,3515,3510,5940,1683,2181,2441,1905,1662,2689,1513,2645,2334,1610,1848,3251,12919,3195,9724
1000811,봉천로13길,25863,12879,12984,3138,4913,4989,3747,3732,5344,1623,2435,2699,1923,1763,2436,1515,2478,2290,1824,1969,2908,12638,1026,11612
1000810,복은길,21996,12293,9703,2003,5413,4423,2987,2913,4257,1057,3126,2801,1813,1521,1975,946,2287,1622,1174,1392,2282,13143,782,12361
1000809,법원단지길,18848,9321,9527,2671,2749,2642,2944,3383,4459,1352,1395,1406,1495,1641,2032,1319,1354,1236,1449,1742,2427,8200,44,8156
1000808,법원단지9길,19761,9848,9913,2821,2964,2759,3061,3578,4578,1472,1515,1466,1565,1689,2141,1349,1449,1293,1496,1889,2437,8259,0,8259
1000807,미성5길,19780,9755,10025,2791,2851,2825,3136,3447,4730,1415,1433,1502,1598,1647,2160,1376,1418,1323,1538,1800,2570,8584,1008,7576
1000806,대학길,17601,10842,6759,1231,5087,3665,2679,2168,2771,628,3123,2493,1901,1355,1342,603,1964,1172,778,813,1429,12309,360,11949
1000805,대학14길,15749,9587,6162,1337,3858,3035,2566,2226,2727,689,2411,2029,1770,1356,1332,648,1447,1006,796,870,1395,10033,399,9634
1000804,당곡길,21414,10586,10828,2491,4414,4194,3094,2805,4416,1293,2121,2201,1607,1362,2002,1198,2293,1993,1487,1443,2414,11285,1068,10217
1000803,남현길,16171,7741,8430,1768,3172,3359,2152,2329,3391,878,1424,1748,1079,1031,1581,890,1748,1611,1073,1298,1810,7936,909,7027
1000802,남현3길,14478,6851,7627,1235,3408,3321,1753,1886,2875,615,1412,1720,893,849,1362,620,1996,1601,860,1037,1513,8170,600,7570
1000801,남현2길,22945,10991,11954,2304,4724,4787,3045,3291,4794,1180,2131,2501,1506,1466,2207,1124,2593,2286,1539,1825,2587,11546,797,10749
1000800,남부순환로248길,18856,9091,9765,1755,4501,4155,2501,2354,3590,894,2054,2177,1244,1138,1584,861,2447,1978,1257,1216,2006,10740,624,10116
1000799,남부순환로234길,12958,6430,6528,1094,3979,2753,1573,1318,2241,537,1838,1506,832,667,1050,557,2141,1247,741,651,1191,8503,328,8175
1000798,남부순환로172길,20260,10096,10164,1767,5237,3884,2625,2813,3934,901,2508,2176,1353,1370,1788,866,2729,1708,1272,1443,2146,12054,208,11846
1000797,남부순환로161길,22343,11244,11099,2351,5018,4054,3200,3377,4343,1251,2441,2276,1636,1647,1993,1100,2577,1778,1564,1730,2350,12325,153,12172
1000796,남부순환로151길,20133,9961,10172,1915,4836,3926,2801,2841,3814,985,2195,2149,1471,1404,1757,930,2641,1777,1330,1437,2057,11804,313,11491
1000795,남부순환로142길,19302,9527,9775,2484,3550,3293,2833,2886,4256,1260,1664,1745,1463,1400,1995,1224,1886,1548,1370,1486,2261,9325,1907,7418
1000794,난향길,12031,6028,6003,2059,1332,1535,2298,1904,2903,1061,710,783,1209,960,1305,998,622,752,1089,944,1598,4979,358,4621
1000793,난우길,20596,10137,10459,2988,2941,2936,3312,3530,4889,1507,1463,1556,1675,1715,2221,1481,1478,1380,1637,1815,2668,8835,174,8661
1000792,난곡로74길,15136,7484,7652,1333,3586,2986,2105,2065,3061,697,1632,1621,1083,1050,1401,636,1954,1365,1022,1015,1660,9026,0,9026
1000791,난곡로34길,20018,10014,10004,2811,2933,2804,3104,3581,4785,1458,1528,1520,1608,1725,2175,1353,1405,1284,1496,1856,2610,8796,425,8371
1000790,난곡로26길,18423,9337,9086,2532,2636,2562,2857,3344,4492,1299,1399,1405,1498,1679,2057,1233,1237,1157,1359,1665,2435,8253,618,7635
1000789,난곡로24길,15033,7644,7389,1953,2097,1996,2340,2738,3909,991,1121,1105,1258,1410,1759,962,976,891,1082,1328,2150,6937,469,6468
1000788,낙성대역길,21182,10282,10900,1927,6009,4763,2676,2268,3539,960,2752,2498,1387,1114,1571,967,3257,2265,1289,1154,1968,13242,503,12739
1000787,국회단지길,27329,13477,13852,4398,3892,4504,4534,4064,5937,2276,1977,2287,2374,1914,2649,2122,1915,2217,2160,2150,3288,11947,3442,8505
1000786,구암길,27453,13426,14027,5479,2948,3919,5212,4109,5786,2854,1536,1896,2627,1979,2534,2625,1412,2023,2585,2130,3252,10651,3107,7544
1000785,관천로22길,23692,11834,11858,2279,6246,5205,3215,2588,4159,1137,2974,2831,1733,1249,1910,1142,3272,2374,1482,1339,2249,14435,314,14121
1000784,관천로15길,24434,12272,12162,2454,5943,4900,3424,3170,4543,1280,2874,2730,1793,1530,2065,1174,3069,2170,1631,1640,2478,14147,215,13932
1000783,관악로30길,25078,12177,12901,3840,3613,4207,3922,3785,5711,1946,1775,2119,2035,1841,2461,1894,1838,2088,1887,1944,3250,10758,5120,5638
1000782,관악로28길,20934,10252,10682,2844,3456,3618,3115,3101,4800,1455,1662,1868,1639,1506,2122,1389,1794,1750,1476,1595,2678,9494,3172,6322
1000781,관악로14길,19044,9213,9831,1582,6384,3958,2203,1905,3012,774,2814,2097,1161,965,1402,808,3570,1861,1042,940,1610,12674,448,12226
1000780,관악로10길,15965,7728,8237,1567,5054,3221,1950,1669,2504,739,2275,1731,1024,817,1142,828,2779,1490,926,852,1362,10048,664,9384
1000779,흑석로9길,7514,3777,3737,909,1734,1184,1019,997,1671,443,979,647,518,478,712,466,755,537,501,519,959,4017,513,3504
1000778,흑석로13길,7638,3831,3807,874,1688,1171,1015,1095,1795,439,919,634,534,534,771,435,769,537,481,561,1024,4074,487,3587
1000777,장승배기로27길,13726,6968,6758,1128,2629,2126,1786,2379,3678,574,1351,1253,982,1188,1620,554,1278,873,804,1191,2058,7908,58,7850
1000776,장승배기로19길,18950,9403,9547,1827,3248,2853,2537,3420,5065,920,1624,1580,1346,1693,2240,907,1624,1273,1191,1727,2825,9783,570,9213
1000775,장승배기로10길,22474,10898,11576,3355,3360,3775,3564,3368,5052,1706,1639,1875,1801,1637,2240,1649,1721,1900,1763,1731,2812,9974,2205,7769
1000774,여의대방로46길,18230,8759,9471,3467,2647,2451,3483,2657,3525,1692,1297,1247,1729,1342,1452,1775,1350,1204,1754,1315,2073,7480,3751,3729
1000773,여의대방로24길,17337,8262,9075,2189,3456,3279,2671,2433,3309,1154,1496,1571,1312,1220,1509,1035,1960,1708,1359,1213,1800,8873,505,8368
1000772,여의대방로22카길,21384,10251,11133,2714,4080,4011,3211,3042,4326,1436,1836,1952,1557,1479,1991,1278,2244,2059,1654,1563,2335,10527,1658,8869
1000771,여의대방로22나길,12635,6115,6520,1649,2294,2323,1982,1897,2490,877,1085,1152,957,922,1122,772,1209,1171,1025,975,1368,6125,538,5587
1000770,여의대방로22길,15143,7225,7918,1883,3001,2951,2324,2119,2865,997,1310,1419,1136,1053,1310,886,1691,1532,1188,1066,1555,7780,605,7175
1000769,양녕로26길,15615,7734,7881,2461,2198,2798,2544,2366,3248,1302,1124,1447,1296,1113,1452,1159,1074,1351,1248,1253,1796,6404,366,6038
1000768,신대방길,19205,9403,9802,2520,3131,3110,2935,3048,4461,1303,1522,1577,1445,1520,2036,1217,1609,1533,1490,1528,2425,9361,1609,7752
1000767,성대로29길,23995,11706,12289,2970,3844,4301,3594,3660,5626,1533,1902,2231,1831,1748,2461,1437,1942,2070,1763,1912,3165,11653,663,10990
1000766,성대로1길,19447,9413,10034,2164,3443,3469,2809,2957,4605,1098,1639,1835,1432,1403,2006,1066,1804,1634,1377,1554,2599,9931,329,9602
1000765,서달로8가길,7908,3842,4066,1007,1294,1097,1163,1263,2084,516,670,564,619,632,841,491,624,533,544,631,1243,3788,151,3637
1000764,서달로15길,4893,2383,2510,589,927,611,679,784,1303,296,498,315,357,389,528,293,429,296,322,395,775,2512,366,2146
1000763,서달로14길,10256,4901,5355,1328,1450,1397,1503,1720,2858,667,736,698,776,838,1186,661,714,699,727,882,1672,4600,1043,3557
1000762,서달로10길,12309,6020,6289,1935,1739,1895,1963,1957,2820,1017,907,920,1023,962,1191,918,832,975,940,995,1629,5099,1425,3674
1000761,상도로62길,24659,12057,12602,4046,4687,3977,3946,3375,4628,2051,2399,1918,2002,1578,2109,1995,2288,2059,1944,1797,2519,10752,3963,6789
1000760,상도로61길,16231,7957,8274,2301,3177,2823,2296,2156,3478,1183,1661,1433,1153,978,1549,1118,1516,1390,1143,1178,1929,7469,2776,4693
1000759,상도로47길,18284,8895,9389,2346,4510,2839,2407,2407,3775,1180,2373,1436,1185,1092,1629,1166,2137,1403,1222,1315,2146,9297,817,8480
1000758,상도로37길,18777,9145,9632,2419,4125,2910,2523,2637,4163,1230,2165,1446,1256,1195,1853,1189,1960,1464,1267,1442,2310,9132,1218,7914
1000757,상도로15길,24541,11863,12678,2774,4352,4067,3478,3978,5892,1400,2100,2116,1743,1933,2571,1374,2252,1951,1735,2045,3321,11970,829,11141
1000756,사당로8길,22240,10705,11535,2559,4521,4385,3089,3027,4659,1362,2024,2272,1551,1434,2062,1197,2497,2113,1538,1593,2597,11163,1104,10059
1000755,사당로30길,13004,6146,6858,1366,2624,2688,1770,1779,2777,716,1173,1289,889,821,1258,650,1451,1399,881,958,1519,7043,418,6625
1000754,사당로2차길,13613,6581,7032,1996,2133,2364,2147,2035,2938,1027,999,1186,1081,938,1350,969,1134,1178,1066,1097,1588,5931,1430,4501
1000753,사당로29길,16002,7710,8292,1864,2533,3042,2334,2393,3836,925,1182,1492,1231,1132,1748,939,1351,1550,1103,1261,2088,7971,2145,5826
1000752,사당로26길,18153,8717,9436,1577,3861,3911,2340,2503,3961,809,1748,1983,1220,1145,1812,768,2113,1928,1120,1358,2149,10193,161,10032
1000751,사당로23나길,17240,8285,8955,2609,2382,3178,2614,2515,3942,1329,1166,1531,1324,1169,1766,1280,1216,1647,1290,1346,2176,7100,4246,2854
1000750,사당로23길,21794,10548,11246,3465,2822,3702,3360,3204,5241,1819,1359,1788,1686,1488,2408,1646,1463,1914,1674,1716,2833,8307,5740,2567
1000749,사당로20길,21647,10408,11239,2188,4227,4416,2946,3115,4755,1082,1961,2316,1515,1415,2119,1106,2266,2100,1431,1700,2636,11222,623,10599
1000748,사당로16길,25937,12526,13411,3088,4388,4886,3759,3953,5863,1579,2093,2525,1930,1829,2570,1509,2295,2361,1829,2124,3293,11893,1540,10353
1000747,사당로16가길,19474,9296,10178,2365,3327,3576,2904,2811,4491,1202,1491,1836,1477,1326,1964,1163,1836,1740,1427,1485,2527,9187,1189,7998
1000746,만양로8길,24396,12080,12316,3684,4088,3931,3542,3569,5582,1899,2207,2093,1768,1674,2439,1785,1881,1838,1774,1895,3143,10741,4677,6064
1000745,만양로14길,12817,6516,6301,1841,2491,2304,1813,1754,2614,943,1391,1285,952,808,1137,898,1100,1019,861,946,1477,6104,2384,3720
1000744,등용로14길,14855,7269,7586,1783,2435,2044,2139,2528,3926,865,1275,1149,1122,1218,1640,918,1160,895,1017,1310,2286,7098,1900,5198
1000743,동작대로7길,20251,9676,10575,1771,4548,4477,2497,2696,4262,934,2009,2312,1273,1196,1952,837,2539,2165,1224,1500,2310,11189,372,10817
1000742,동작대로35길,20432,9765,10667,3083,2835,3220,3351,3276,4667,1538,1361,1592,1611,1548,2115,1545,1474,1628,1740,1728,2552,8361,2858,5503
1000741,동작대로33길,22484,10722,11762,3312,3092,3699,3579,3516,5286,1615,1471,1839,1733,1661,2403,1697,1621,1860,1846,1855,2883,9587,3224,6363
1000740,동작대로29길,18630,8906,9724,2398,2665,3598,2778,2726,4465,1235,1274,1790,1386,1233,1988,1163,1391,1808,1392,1493,2477,8462,3942,4520
1000739,동작대로17길,17466,8223,9243,1884,3276,3527,2531,2540,3708,919,1469,1714,1267,1199,1655,965,1807,1813,1264,1341,2053,9300,901,8399
1000738,대방동2길,16853,8018,8835,2298,3194,2922,2740,2424,3275,1209,1388,1397,1336,1200,1488,1089,1806,1525,1404,1224,1787,8325,491,7834
1000737,대방동27길,17654,8506,9148,2918,3288,2810,3040,2499,3099,1557,1511,1328,1473,1253,1384,1361,1777,1482,1567,1246,1715,8169,1071,7098
1000736,노량진로6길,16430,8317,8113,1620,2870,2438,2201,3000,4301,814,1521,1405,1180,1487,1910,806,1349,1033,1021,1513,2391,8522,295,8227
1000735,국사봉길,27211,13128,14083,3632,4500,4958,4079,4192,5850,1855,2120,2520,2035,1980,2618,1777,2380,2438,2044,2212,3232,12356,1198,11158
1000734,국사봉2길,19527,9295,10232,2302,3824,3747,2912,2798,3944,1203,1641,1843,1433,1363,1812,1099,2183,1904,1479,1435,2132,10016,869,9147
1000733,국사봉1길,24162,11468,12694,2924,4517,4499,3636,3450,5136,1490,1955,2235,1839,1665,2284,1434,2562,2264,1797,1785,2852,12138,594,11544
1000732,영신로9길,17220,9080,8140,2264,2192,2488,2714,3150,4412,1218,1154,1333,1472,1728,2175,1046,1038,1155,1242,1422,2237,8519,1935,6584
1000731,영등포로84길,17811,9002,8809,2503,2986,2905,3028,2704,3685,1291,1485,1593,1588,1412,1633,1212,1501,1312,1440,1292,2052,8958,1330,7628
1000730,영등포로80길,15934,8095,7839,1769,2855,2771,2363,2396,3780,933,1429,1539,1253,1227,1714,836,1426,1232,1110,1169,2066,8566,904,7662
1000729,영등포로62길,12634,6447,6187,1282,2537,2505,1748,1775,2787,657,1255,1392,951,882,1310,625,1282,1113,797,893,1477,6943,815,6128
1000728,영등포로35길,12681,6810,5871,1412,1945,2225,1880,2035,3184,715,942,1260,1075,1197,1621,697,1003,965,805,838,1563,6743,452,6291
1000727,영등포로27길,16551,8395,8156,2069,2550,3128,2518,2503,3783,1033,1249,1665,1342,1310,1796,1036,1301,1463,1176,1193,1987,8180,1477,6703
1000726,영등포로25길,15705,7753,7952,1939,2467,3110,2345,2406,3438,968,1176,1603,1218,1195,1593,971,1291,1507,1127,1211,1845,7693,1947,5746
1000725,여의대방로61길,9447,4794,4653,1106,1824,2025,1447,1230,1815,548,892,1127,769,637,821,558,932,898,678,593,994,5286,1063,4223
1000724,여의대방로43나길,23272,11501,11771,4362,3268,3242,4130,3698,4572,2309,1636,1606,2008,1881,2061,2053,1632,1636,2122,1817,2511,9389,4361,5028
1000723,여의대방로39길,6581,3285,3296,1044,1159,1042,1080,982,1274,574,560,523,548,494,586,470,599,519,532,488,688,3016,526,2490
1000722,여의대방로35길,13098,6486,6612,1992,2239,2304,2167,1979,2417,1060,1078,1139,1090,978,1141,932,1161,1165,1077,1001,1276,5972,660,5312
1000721,양평로28길,9114,4562,4552,1425,1469,2272,1357,1207,1384,740,679,1206,695,589,653,685,790,1066,662,618,731,3968,1753,2215
1000720,양평로22라길,9421,4683,4738,1310,1673,2394,1394,1161,1489,692,732,1281,707,584,687,618,941,1113,687,577,802,4636,1738,2898
1000719,양평로19길,14671,7266,7405,2195,2646,3169,2295,1951,2415,1129,1157,1676,1172,1015,1117,1066,1489,1493,1123,936,1298,6969,2489,4480
1000718,신길로60길,14780,7586,7194,1628,1973,2098,2194,2599,4288,834,1043,1176,1149,1363,2021,794,930,922,1045,1236,2267,7496,365,7131
1000717,신길로42길,13689,6844,6845,1795,1911,1638,2186,2525,3634,952,961,901,1114,1282,1634,843,950,737,1072,1243,2000,6290,1393,4897
1000716,신길로42가길,19822,9947,9875,2754,2579,2551,3127,3530,5281,1463,1368,1401,1555,1795,2365,1291,1211,1150,1572,1735,2916,8929,1531,7398
1000715,신길로39길,15845,7963,7882,2103,2039,2097,2546,2904,4156,1095,1079,1124,1327,1487,1851,1008,960,973,1219,1417,2305,7492,1138,6354
1000714,신길로17길,14728,7251,7477,1744,1934,1932,2209,2660,4249,915,1026,1044,1090,1302,1874,829,908,888,1119,1358,2375,6926,1507,5419
1000713,선유서로28길,11147,5594,5553,1347,1708,2432,1682,1510,2468,701,806,1311,933,769,1074,646,902,1121,749,741,1394,5698,691,5007
1000712,선유서로25길,13829,6891,6938,1909,2071,3491,2188,1675,2495,997,946,1838,1182,857,1071,912,1125,1653,1006,818,1424,6927,1898,5029
1000711,선유서로24길,12398,6169,6229,1625,1930,2870,1883,1596,2494,833,884,1504,1052,808,1088,792,1046,1366,831,788,1406,6366,1049,5317
1000710,선유로55길,9218,4591,4627,1042,1940,2262,1305,1137,1532,554,807,1224,685,617,704,488,1133,1038,620,520,828,5098,776,4322
1000709,디지털로74길,16891,8417,8474,2279,2444,2375,2512,2969,4312,1233,1245,1267,1233,1482,1957,1046,1199,1108,1279,1487,2355,7382,2307,5075
1000708,디지털로57길,13994,6900,7094,1456,1776,1628,2198,2583,4353,722,941,911,1107,1287,1932,734,835,717,1091,1296,2421,7415,325,7090
1000707,디지털로37길,16367,7980,8387,1923,2137,2515,2619,2801,4372,969,1079,1274,1318,1383,1957,954,1058,1241,1301,1418,2415,8174,1252,6922
1000706,도신로62길,15702,7923,7779,2042,2365,2441,2388,2528,3938,1059,1211,1351,1240,1297,1765,983,1154,1090,1148,1231,2173,7751,626,7125
1000705,도신로60길,13915,6952,6963,2067,1875,1987,2190,2295,3501,1097,983,1065,1083,1146,1578,970,892,922,1107,1149,1923,6255,1103,5152
1000704,도신로29길,20678,10444,10234,3137,2701,2943,3348,3666,4883,1677,1416,1528,1718,1879,2226,1460,1285,1415,1630,1787,2657,8957,2514,6443
1000703,도신로15길,21162,10581,10581,2662,3062,3951,3135,3500,4852,1406,1514,2045,1646,1720,2250,1256,1548,1906,1489,1780,2602,9502,2399,7103
1000702,도림천로21길,15993,7906,8087,1850,2329,2799,2463,2700,3852,922,1154,1455,1259,1342,1774,928,1175,1344,1204,1358,2078,7938,830,7108
1000701,도림로63길,14971,7531,7440,1863,2004,1811,2355,2860,4078,983,1085,1013,1171,1422,1857,880,919,798,1184,1438,2221,6904,841,6063
1000700,도림로147길,13160,6499,6661,2755,1330,2754,2308,1547,2466,1434,641,1300,1211,773,1140,1321,689,1454,1097,774,1326,5027,2405,2622
1000699,도림로112길,22080,11144,10936,3410,2996,3250,3581,3918,4925,1832,1531,1658,1859,2004,2260,1578,1465,1592,1722,1914,2665,9084,3037,6047
1000698,대림로8길,20004,9871,10133,2710,2775,2712,3110,3491,5206,1438,1400,1412,1546,1705,2370,1272,1375,1300,1564,1786,2836,9115,2015,7100
1000697,대림로7길,11839,5827,6012,1404,1667,1671,1771,2077,3249,737,840,878,883,1010,1479,667,827,793,888,1067,1770,5795,263,5532
1000696,대림로44길,17721,8934,8787,2566,2441,2745,2719,3299,3951,1363,1253,1417,1375,1648,1878,1203,1188,1328,1344,1651,2073,7404,2540,4864
1000695,대림로34길,14127,7225,6902,1837,1877,1784,2305,2767,3557,976,1003,990,1192,1414,1650,861,874,794,1113,1353,1907,6493,863,5630
1000694,대림로31길,14454,7170,7284,1627,2479,2418,2272,2466,3192,874,1086,1306,1181,1276,1447,753,1393,1112,1091,1190,1745,7598,1594,6004
1000693,대림로29길,16176,8043,8133,1887,2023,2278,2579,2974,4435,1023,1006,1229,1315,1476,1994,864,1017,1049,1264,1498,2441,7932,1711,6221
1000692,대림로22길,17003,8547,8456,2036,2420,2097,2567,3191,4692,1123,1267,1180,1285,1580,2112,913,1153,917,1282,1611,2580,7911,1645,6266
1000691,당산로46길,13468,6191,7277,1425,3163,3075,1626,1687,2492,716,1230,1467,814,794,1170,709,1933,1608,812,893,1322,7152,1768,5384
1000690,당산로38길,18023,8592,9431,2864,2876,3807,2658,2511,3307,1418,1300,1880,1315,1177,1502,1446,1576,1927,1343,1334,1805,7744,3524,4220
1000689,당산로37길,18023,8542,9481,2799,3162,3687,2624,2525,3226,1389,1412,1793,1299,1217,1432,1410,1750,1894,1325,1308,1794,8108,4180,3928
1000688,당산로31길,10711,5352,5359,1385,1803,2235,1487,1599,2202,725,873,1164,774,793,1023,660,930,1071,713,806,1179,5107,2135,2972
1000687,국회대로56길,13197,7377,5820,1049,2876,3375,1693,1835,2369,537,1327,1996,1065,1185,1267,512,1549,1379,628,650,1102,8792,360,8432
1000686,경인로90길,7329,3903,3426,1148,856,1293,1235,1184,1613,600,404,656,665,684,894,548,452,637,570,500,719,3473,1910,1563
1000685,경인로80길,7389,3723,3666,984,965,1611,1199,1086,1544,507,480,822,669,544,701,477,485,789,530,542,843,3512,876,2636
1000684,경인로77길,8223,4077,4146,1431,908,1612,1306,1089,1877,734,446,780,697,540,880,697,462,832,609,549,997,3267,1469,1798
1000683,가마산로61길,14498,7307,7191,1911,1911,1948,2274,2665,3789,998,1018,1032,1191,1360,1708,913,893,916,1083,1305,2081,6671,1245,5426
1000682,시흥대로94길,21968,11210,10758,2782,3226,3265,3267,4456,4972,1446,1692,1773,1666,2288,2345,1336,1534,1492,1601,2168,2627,10310,211,10099
1000681,시흥대로84길,25023,12625,12398,3248,3532,3474,3736,4942,6091,1684,1871,1894,1875,2450,2851,1564,1661,1580,1861,2492,3240,11492,393,11099
1000680,시흥대로68길,28061,14024,14037,4023,3893,4366,4149,5357,6273,2063,2012,2278,2119,2646,2906,1960,1881,2088,2030,2711,3367,12500,2465,10035
1000679,시흥대로63길,12512,6234,6278,1905,1785,2241,1855,2269,2457,965,879,1143,970,1129,1148,940,906,1098,885,1140,1309,5435,2443,2992
1000678,시흥대로62가길,20422,10209,10213,2431,2762,2655,3081,4050,5443,1246,1455,1420,1591,2024,2473,1185,1307,1235,1490,2026,2970,9983,460,9523
1000677,시흥대로36길,8938,4443,4495,1294,1190,1242,1330,1643,2239,643,608,673,681,819,1019,651,582,569,649,824,1220,3590,440,3150
1000676,시흥대로22길,9054,4560,4494,1218,1197,1277,1341,1645,2376,614,626,700,706,811,1103,604,571,577,635,834,1273,3679,276,3403
1000675,시흥대로153길,16893,9235,7658,1548,3595,3573,2207,2740,3230,779,1892,2108,1317,1503,1636,769,1703,1465,890,1237,1594,9874,2009,7865
1000674,시흥대로150길,21007,10785,10222,2112,3604,3679,2962,3897,4753,1091,1810,2093,1560,1994,2237,1021,1794,1586,1402,1903,2516,11079,795,10284
1000673,시흥대로141길,17909,9629,8280,1634,3907,3918,2327,2735,3388,836,2001,2314,1339,1444,1695,798,1906,1604,988,1291,1693,10459,1372,9087
1000672,시흥대로138길,11216,5851,5365,1094,1837,1845,1656,2191,2593,536,957,1066,868,1186,1238,558,880,779,788,1005,1355,6169,325,5844
1000671,시흥대로120길,16559,8425,8134,1834,2261,2192,2576,3584,4112,915,1178,1216,1284,1920,1912,919,1083,976,1292,1664,2200,8303,91,8212
1000670,벚꽃로56길,5990,3280,2710,448,795,709,882,1283,1873,235,426,415,529,771,904,213,369,294,353,512,969,3709,0,3709
1000669,범안로17길,8859,4876,3983,872,1918,2129,1253,1212,1475,430,985,1320,748,658,735,442,933,809,505,554,740,5189,1006,4183
1000668,범안로11길,11340,6244,5096,1158,2445,2746,1652,1518,1821,588,1268,1677,988,800,923,570,1177,1069,664,718,898,6504,1098,5406
1000667,문성로5길,21307,10833,10474,2485,3307,3281,3169,4059,5006,1290,1660,1822,1618,2064,2379,1195,1647,1459,1551,1995,2627,10181,1228,8953
1000666,독산로85길,14225,7201,7024,1628,1933,1814,2129,3056,3665,818,1024,1009,1071,1576,1703,810,909,805,1058,1480,1962,6890,198,6692
1000665,독산로78다길,19844,9992,9852,2415,2826,2439,3115,4234,4815,1211,1497,1336,1543,2161,2244,1204,1329,1103,1572,2073,2571,9207,314,8893
1000664,독산로70길,20877,10599,10278,2569,2968,2619,3297,4498,4926,1303,1574,1423,1638,2342,2319,1266,1394,1196,1659,2156,2607,9790,133,9657
1000663,독산로64길,18314,9310,9004,2297,2614,2357,2909,3918,4219,1171,1395,1270,1451,2028,1995,1126,1219,1087,1458,1890,2224,8585,60,8525
1000662,독산로50길,13364,6634,6730,2015,1900,1763,2043,2506,3137,1003,983,939,1005,1211,1493,1012,917,824,1038,1295,1644,5136,1270,3866
1000661,독산로40길,21044,10436,10608,2888,2865,2721,3213,4030,5327,1446,1498,1458,1586,1980,2468,1442,1367,1263,1627,2050,2859,9146,1370,7776
1000660,독산로108길,22020,11088,10932,2737,3508,3541,3275,3898,5061,1405,1716,1932,1675,1944,2416,1332,1792,1609,1600,1954,2645,10491,1601,8890
1000659,남부순환로112길,17655,9575,8080,1300,4261,3939,2350,2744,3061,648,2104,2300,1413,1555,1555,652,2157,1639,937,1189,1506,11392,1547,9845
1000658,금하로24길,16757,8382,8375,2226,2244,2111,2673,3040,4463,1156,1213,1135,1376,1525,1977,1070,1031,976,1297,1515,2486,7543,1336,6207
1000657,금하로1길,4787,2373,2414,739,682,632,739,864,1131,369,360,334,359,403,548,370,322,298,380,461,583,1855,898,957
1000656,금하로14길,13757,6944,6813,1657,1968,1949,2179,2496,3508,855,1056,1047,1136,1263,1587,802,912,902,1043,1233,1921,6780,434,6346
1000655,가산로5길,16593,9273,7320,1567,3612,3844,2186,2507,2877,781,1927,2365,1333,1391,1476,786,1685,1479,853,1116,1401,9779,1738,8041
1000654,가산로3길,12187,6940,5247,1118,2792,3108,1641,1612,1916,574,1502,1977,1016,884,987,544,1290,1131,625,728,929,7281,1389,5892
1000653,중앙로1길,16408,8036,8372,2964,2182,2404,2632,2677,3549,1479,1081,1177,1312,1288,1699,1485,1101,1227,1320,1389,1850,6002,4458,1544
1000652,중앙로15길,14948,7401,7547,2804,1900,2113,2606,2403,3122,1428,967,1048,1325,1196,1437,1376,933,1065,1281,1207,1685,5748,2166,3582
1000651,우마길,9776,5077,4699,904,1162,1258,1605,2000,2847,455,574,700,899,1134,1315,449,588,558,706,866,1532,5342,0,5342
1000650,오류로8길,18787,9228,9559,2334,3072,3895,2558,2557,4371,1238,1358,2081,1350,1186,2015,1096,1714,1814,1208,1371,2356,9188,2292,6896
1000649,신도림로13길,12526,6216,6310,2606,1501,1938,2373,1785,2323,1304,767,919,1205,923,1098,1302,734,1019,1168,862,1225,4645,2085,2560
1000648,새말로18길,18485,8890,9595,2379,3129,4045,2524,2761,3647,1216,1369,1996,1256,1295,1758,1163,1760,2049,1268,1466,1889,8278,2332,5946
1000647,부일로1길,8171,4124,4047,1379,922,1405,1338,1219,1908,790,452,708,706,578,890,589,470,697,632,641,1018,3163,939,2224
1000646,부일로15길,11001,5438,5563,1753,1498,1537,1810,1870,2533,927,802,785,897,890,1137,826,696,752,913,980,1396,4425,178,4247
1000645,부일로11길,14242,7069,7173,2372,1932,1958,2336,2471,3173,1251,1038,985,1148,1185,1462,1121,894,973,1188,1286,1711,5547,191,5356
1000644,디지털로32길,12814,6772,6042,782,3690,3921,1658,1265,1498,389,1688,2272,988,709,726,393,2002,1649,670,556,772,9142,182,8960
1000643,디지털로32가길,14578,7914,6664,745,4416,4531,1846,1386,1654,381,2089,2674,1155,790,825,364,2327,1857,691,596,829,10915,415,10500
1000642,디지털로27길,10705,5470,5235,1137,1188,1496,1795,2046,3043,577,603,816,983,1107,1384,560,585,680,812,939,1659,5477,80,5397
1000641,도림로6길,14754,7567,7187,1582,1696,1960,2429,2818,4269,814,931,1067,1321,1494,1940,768,765,893,1108,1324,2329,7532,0,7532
1000640,도림로12길,20724,10287,10437,2932,2297,3330,3556,3366,5243,1527,1246,1715,1890,1623,2286,1405,1051,1615,1666,1743,2957,9160,3135,6025
1000639,남부순환로97길,18662,9120,9542,3043,2182,3146,2744,2730,4817,1506,1094,1549,1408,1234,2329,1537,1088,1597,1336,1496,2488,6965,4765,2200
1000638,구로중앙로8길,17318,8407,8911,2019,2505,2713,2700,2869,4512,1039,1107,1388,1375,1432,2066,980,1398,1325,1325,1437,2446,8744,1753,6991
1000637,구로중앙로7길,20275,9961,10314,2884,2189,3106,3356,3341,5399,1497,1116,1549,1752,1606,2441,1387,1073,1557,1604,1735,2958,9031,4328,4703
1000636,구로중앙로42길,10534,5331,5203,1927,1371,1941,1943,1462,1890,971,703,975,1008,774,900,956,668,966,935,688,990,4528,1438,3090
1000635,구로중앙로34길,13122,6435,6687,1773,1903,2206,1984,2232,3024,853,931,1165,1023,1101,1362,920,972,1041,961,1131,1662,5859,1435,4424
1000634,구로중앙로28길,21559,10415,11144,2548,4070,4115,3346,3268,4212,1269,1669,2093,1749,1701,1934,1279,2401,2022,1597,1567,2278,11547,803,10744
1000633,구로중앙로19길,13160,6459,6701,1356,2127,1913,2046,2289,3429,686,951,1001,1049,1196,1576,670,1176,912,997,1093,1853,7017,786,6231
1000632,구로동로8길,27549,13833,13716,3439,3092,3959,4481,4879,7699,1799,1698,2087,2396,2437,3416,1640,1394,1872,2085,2442,4283,12873,2930,9943
1000631,구로동로7길,15874,8249,7625,1554,1999,1763,2402,3253,4903,822,1142,993,1318,1722,2252,732,857,770,1084,1531,2651,8161,0,8161
1000630,구로동로42길,16176,8075,8101,2062,2178,2073,2587,2969,4307,1053,1127,1110,1365,1487,1933,1009,1051,963,1222,1482,2374,7417,974,6443
1000629,구로동로41길,12837,6474,6363,1615,1580,1646,2101,2385,3510,807,828,889,1132,1262,1556,808,752,757,969,1123,1954,6311,988,5323
1000628,구로동로38길,12933,6496,6437,1468,1608,1493,2116,2477,3771,727,838,808,1131,1308,1684,741,770,685,985,1169,2087,6440,561,5879
1000627,구로동로28길,16315,8074,8241,1867,1948,2343,2653,2882,4622,952,962,1231,1368,1466,2095,915,986,1112,1285,1416,2527,8181,2070,6111
1000626,구로동로15길,11129,5757,5372,1104,1478,1240,1641,2238,3428,576,860,697,884,1163,1577,528,618,543,757,1075,1851,5612,0,5612
1000625,공원로6가길,18880,9071,9809,2722,3101,3805,2662,2860,3730,1360,1367,1869,1341,1357,1777,1362,1734,1936,1321,1503,1953,8258,1586,6672
1000624,고척로52길,17299,8768,8531,2673,2215,2337,2793,3001,4280,1425,1149,1222,1438,1515,2019,1248,1066,1115,1355,1486,2261,7306,1851,5455
1000623,고척로27다길,17944,8922,9022,2774,2307,2467,2959,3152,4285,1377,1245,1230,1526,1585,1959,1397,1062,1237,1433,1567,2326,7757,1672,6085
1000622,고척로27길,19011,9490,9521,2996,2465,2744,3155,3266,4385,1491,1319,1387,1620,1647,2026,1505,1146,1357,1535,1619,2359,8109,1776,6333
1000621,고척로21나길,19426,9769,9657,2874,2500,2767,2975,3357,4953,1448,1365,1420,1568,1646,2322,1426,1135,1347,1407,1711,2631,8177,2274,5903
1000620,경인로47길,14537,7322,7215,2245,2099,1983,2275,2462,3473,1152,1094,1037,1181,1214,1644,1093,1005,946,1094,1248,1829,5821,2892,2929
1000619,경인로35길,20059,10091,9968,2748,2445,2850,3055,3495,5466,1391,1277,1489,1637,1746,2551,1357,1168,1361,1418,1749,2915,8913,2336,6577
1000618,경인로31길,14791,7444,7347,2017,1934,1912,2286,2730,3912,988,1021,967,1247,1383,1838,1029,913,945,1039,1347,2074,6682,1159,5523
1000617,경인로15길,16658,8151,8507,2376,2449,2810,2570,2582,3871,1199,1172,1435,1316,1215,1814,1177,1277,1375,1254,1367,2057,7232,1293,5939
1000616,개봉로3길,17741,8739,9002,2679,2293,2732,2798,2903,4336,1356,1198,1419,1401,1360,2005,1323,1095,1313,1397,1543,2331,7211,1953,5258
1000615,개봉로2길,21290,10380,10910,3506,2559,3290,3301,3349,5285,1783,1300,1616,1668,1558,2455,1723,1259,1674,1633,1791,2830,8253,3606,4647
1000614,개봉로23가길,24422,11925,12497,4254,2889,3939,3769,3734,5837,2135,1412,1924,1926,1732,2796,2119,1477,2015,1843,2002,3041,8892,6659,2233
1000613,개봉로20길,27109,13256,13853,4743,3187,4384,4186,4124,6485,2389,1608,2157,2132,1889,3081,2354,1579,2227,2054,2235,3404,9983,5971,4012
1000612,개봉로1길,13457,6662,6795,2077,1678,2106,2127,2178,3291,1034,881,1096,1089,1031,1531,1043,797,1010,1038,1147,1760,5340,2231,3109
1000611,개봉로17다길,28695,14098,14597,4045,3832,5165,4056,4342,7255,2085,1879,2677,2119,1994,3344,1960,1953,2488,1937,2348,3911,12021,3473,8548
1000610,개봉로17길,25143,12365,12778,3664,3242,4135,3749,4090,6263,1874,1664,2106,1941,1893,2887,1790,1578,2029,1808,2197,3376,10271,2447,7824
1000609,개봉로11길,23452,11528,11924,3400,3182,3470,3664,4030,5706,1758,1636,1792,1849,1899,2594,1642,1546,1678,1815,2131,3112,9721,1347,8374
1000608,화곡로64길,17981,8500,9481,2110,3782,4330,2469,2342,2948,1177,1504,2119,1234,1142,1324,933,2278,2211,1235,1200,1624,9659,1732,7927
1000607,화곡로59길,12267,5943,6324,1586,2246,2191,1739,2035,2470,844,1026,1066,867,964,1176,742,1220,1125,872,1071,1294,5677,1757,3920
1000606,화곡로44나길,18149,9072,9077,2393,2740,3480,2939,2773,3824,1246,1382,1918,1526,1306,1694,1147,1358,1562,1413,1467,2130,8942,223,8719
1000605,화곡로31길,26816,12946,13870,3846,4179,5184,4140,4032,5435,1982,1955,2585,2032,1900,2492,1864,2224,2599,2108,2132,2943,11951,2683,9268
1000604,화곡로20길,25816,12671,13145,3839,3781,4776,3939,4079,5402,1889,1864,2510,2012,1926,2470,1950,1917,2266,1927,2153,2932,11186,458,10728
1000603,화곡로13길,25072,12242,12830,4143,3602,4161,3815,3998,5353,2128,1789,2109,1876,1861,2479,2015,1813,2052,1939,2137,2874,10046,2698,7348
1000602,초원로16길,21170,10379,10791,3552,2966,3389,3235,3299,4729,1799,1383,1748,1704,1588,2157,1753,1583,1641,1531,1711,2572,9217,814,8403
1000601,초록마을로8길,26633,13044,13589,4520,3710,4966,4539,3876,5022,2345,1827,2615,2297,1759,2201,2175,1883,2351,2242,2117,2821,11203,916,10287
1000600,초록마을로3길,21510,10622,10888,2965,3230,4275,3523,3174,4343,1586,1608,2252,1805,1463,1908,1379,1622,2023,1718,1711,2435,10243,469,9774
1000599,월정로20길,22453,11253,11200,2357,3528,4946,3260,3397,4965,1160,1731,2689,1776,1650,2247,1197,1797,2257,1484,1747,2718,11673,1028,10645
1000598,우장산로6길,20653,9832,10821,5036,2465,2537,4328,3106,3181,2392,1199,1172,2011,1593,1465,2644,1266,1365,2317,1513,1716,7068,3586,3482
1000597,양천로73가길,21210,10336,10874,4465,2885,3756,3838,3140,3126,2242,1384,1795,1885,1553,1477,2223,1501,1961,1953,1587,1649,7724,4692,3032
1000596,양천로71길,23943,11707,12236,5677,2867,3839,4811,3344,3405,2836,1415,1803,2389,1648,1616,2841,1452,2036,2422,1696,1789,8270,4828,3442
1000595,양천로49길,9904,4833,5071,1241,2083,2162,1386,1481,1551,660,839,1120,719,718,777,581,1244,1042,667,763,774,4988,1238,3750
1000594,양천로26길,20517,9829,10688,3158,3533,4147,2978,2775,3926,1602,1416,2180,1595,1356,1680,1556,2117,1967,1383,1419,2246,10087,3278,6809
1000593,양천로24길,20712,10192,10520,3142,2866,3522,3178,3280,4724,1626,1343,1834,1638,1566,2185,1516,1523,1688,1540,1714,2539,9045,1742,7303
1000592,양천로24가길,21254,10528,10726,3324,2732,3485,3332,3427,4954,1696,1373,1814,1714,1643,2288,1628,1359,1671,1618,1784,2666,8855,2629,6226
1000591,양천로14길,22341,10997,11344,3218,2882,3511,3390,3653,5687,1672,1457,1839,1774,1751,2504,1546,1425,1672,1616,1902,3183,9566,3255,6311
1000590,방화대로6라길,9763,5000,4763,1656,1291,2124,1639,1441,1612,863,643,1118,901,724,751,793,648,1006,738,717,861,4263,109,4154
1000589,방화대로21길,14519,7284,7235,1877,2418,2436,1982,2366,3440,950,1189,1319,1060,1133,1633,927,1229,1117,922,1233,1807,7136,848,6288
1000588,등촌로5길,20935,10258,10677,2713,3066,3826,3205,3533,4592,1456,1579,1957,1587,1641,2038,1257,1487,1869,1618,1892,2554,9520,246,9274
1000587,등촌로55길,13815,6697,7118,1738,2426,3080,2014,2007,2550,917,1123,1567,1012,928,1150,821,1303,1513,1002,1079,1400,6502,1006,5496
1000586,등촌로51길,15345,7475,7870,2121,2553,3320,2235,2256,2860,1131,1223,1704,1108,1037,1272,990,1330,1616,1127,1219,1588,6864,1105,5759
1000585,등촌로39길,16550,8132,8418,2504,2553,2672,2403,2848,3570,1335,1343,1344,1156,1338,1616,1169,1210,1328,1247,1510,1954,6612,1883,4729
1000584,등촌로13길,22932,11315,11617,3367,3345,3820,3685,3879,4836,1791,1761,1964,1804,1854,2141,1576,1584,1856,1881,2025,2695,9603,814,8789
1000583,남부순환로11길,14488,7451,7037,2241,2089,2917,2346,2147,2748,1171,1067,1557,1297,1082,1277,1070,1022,1360,1049,1065,1471,6670,110,6560
1000582,까치산로4길,28054,13642,14412,4443,4214,5492,4688,3975,5242,2291,2023,2866,2375,1790,2297,2152,2191,2626,2313,2185,2945,12192,628,11564
1000581,국회대로7길,19999,9753,10246,2530,2742,3490,3070,3309,4858,1289,1395,1821,1553,1529,2166,1241,1347,1669,1517,1780,2692,9002,642,8360
1000580,공항대로8길,17256,8760,8496,2391,2818,3437,2518,2610,3482,1234,1408,1836,1354,1283,1645,1157,1410,1601,1164,1327,1837,8459,130,8329
1000579,공항대로61길,18506,8917,9589,3088,2951,3910,3057,2641,2859,1580,1316,1909,1529,1256,1327,1508,1635,2001,1528,1385,1532,7966,3323,4643
1000578,공항대로59다길,22953,11172,11781,4608,3150,4142,4123,3352,3578,2351,1505,1974,2042,1643,1657,2257,1645,2168,2081,1709,1921,8672,5076,3596
1000577,공항대로59길,19517,9408,10109,3125,3290,4316,3051,2806,2929,1629,1448,2117,1528,1342,1344,1496,1842,2199,1523,1464,1585,8504,3301,5203
1000576,공항대로55길,15086,7229,7857,2032,2736,3299,2161,2110,2748,1103,1176,1628,1075,1006,1241,929,1560,1671,1086,1104,1507,7441,1748,5693
1000575,공항대로42길,11830,5696,6134,2432,1498,1544,2204,1880,2272,1178,749,741,1044,940,1044,1254,749,803,1160,940,1228,4391,2676,1715
1000574,공항대로38길,9963,4671,5292,2096,1451,1616,1977,1294,1529,997,595,778,970,654,677,1099,856,838,1007,640,852,4205,2001,2204
1000573,곰달래로60길,17335,8382,8953,2323,2523,2942,2642,2922,3983,1183,1288,1468,1308,1361,1774,1140,1235,1474,1334,1561,2209,7676,1151,6525
1000572,곰달래로53길,23624,11584,12040,3682,3244,4063,3970,3820,4845,1871,1664,2109,1979,1799,2162,1811,1580,1954,1991,2021,2683,9820,595,9225
1000571,곰달래로47길,23583,11568,12015,3921,3176,4031,4112,3655,4688,1998,1600,2096,2031,1750,2093,1923,1576,1935,2081,1905,2595,9653,416,9237
1000570,곰달래로31길,27603,13351,14252,4355,3718,5144,4684,3980,5722,2220,1816,2656,2340,1823,2496,2135,1902,2488,2344,2157,3226,11837,203,11634
1000569,곰달래로25길,22248,10632,11616,2945,3385,4516,3436,3121,4845,1508,1545,2310,1733,1390,2146,1437,1840,2206,1703,1731,2699,10451,690,9761
1000568,개화동로25길,11097,5484,5613,1147,2100,1834,1464,1820,2732,566,955,1012,773,915,1263,581,1145,822,691,905,1469,6068,88,5980
1000567,개화동로23길,16890,8359,8531,2092,2680,2616,2372,2869,4261,1056,1295,1437,1247,1421,1903,1036,1385,1179,1125,1448,2358,8334,794,7540
1000566,강서로8길,24250,11851,12399,3344,3499,4761,3853,3451,5342,1747,1636,2466,1980,1577,2445,1597,1863,2295,1873,1874,2897,11283,1183,10100
1000565,강서로5라길,22667,11086,11581,3433,2992,3963,3736,3470,5073,1728,1494,2070,1896,1595,2303,1705,1498,1893,1840,1875,2770,9709,507,9202
1000564,강서로5나길,23184,11636,11548,2298,3915,5340,3301,3358,4972,1167,1855,2901,1802,1612,2299,1131,2060,2439,1499,1746,2673,12427,1543,10884
1000563,강서로5가길,21596,10556,11040,2402,3565,4787,3124,2997,4721,1248,1640,2550,1628,1356,2134,1154,1925,2237,1496,1641,2587,10821,1843,8978
1000562,강서로47라길,19653,9304,10349,4471,2524,2478,3938,3044,3198,2137,1196,1181,1856,1540,1394,2334,1328,1297,2082,1504,1804,7124,2969,4155
1000561,강서로47길,24675,11688,12987,5767,3149,3138,4906,3775,3940,2814,1516,1493,2324,1861,1680,2953,1633,1645,2582,1914,2260,8844,3982,4862
1000560,강서로45다길,25521,12414,13107,4303,3524,3946,4015,4049,5684,2197,1772,1946,1934,1899,2666,2106,1752,2000,2081,2150,3018,9736,4781,4955
1000559,강서로45길,15649,7568,8081,3244,1947,2261,2745,2275,3177,1650,948,1070,1308,1116,1476,1594,999,1191,1437,1159,1701,5455,3635,1820
1000558,강서로35길,21859,10543,11316,2988,3333,3956,3364,3479,4739,1499,1611,1981,1677,1627,2148,1489,1722,1975,1687,1852,2591,9775,1487,8288
1000557,강서로29길,23622,11499,12123,3058,3718,4921,3563,3586,4776,1531,1755,2555,1828,1645,2185,1527,1963,2366,1735,1941,2591,10933,417,10516
1000556,강서로18길,36071,17436,18635,5231,5284,6974,5765,5414,7403,2664,2580,3576,2910,2441,3265,2567,2704,3398,2855,2973,4138,15557,967,14590
1000555,강서로17가길,24496,11944,12552,2881,3800,5081,3464,3827,5443,1473,1884,2641,1802,1736,2408,1408,1916,2440,1662,2091,3035,11182,1159,10023
1000554,강서로15길,36550,17947,18603,3980,6034,8010,5149,5442,7935,2025,2835,4247,2700,2550,3590,1955,3199,3763,2449,2892,4345,18329,2550,15779
1000553,가로공원로80길,25314,12427,12887,3495,3664,5050,3630,3989,5486,1769,1833,2642,1868,1809,2506,1726,1831,2408,1762,2180,2980,10738,1397,9341
1000552,가로공원로76가길,30336,14931,15405,3924,4374,5888,4355,4864,6931,1990,2214,3083,2256,2272,3116,1934,2160,2805,2099,2592,3815,13377,1480,11897
1000551,화곡로4길,15789,8069,7720,2335,2276,2375,2297,2869,3637,1231,1216,1293,1179,1420,1730,1104,1060,1082,1118,1449,1907,7050,562,6488
1000550,화곡로3길,13744,6904,6840,2636,1993,2053,2136,2262,2664,1384,1078,1055,1018,1104,1265,1252,915,998,1118,1158,1399,5126,1833,3293
1000549,지양로7길,15477,7605,7872,2225,1988,2236,2321,2657,4050,1117,1059,1176,1203,1256,1794,1108,929,1060,1118,1401,2256,6429,2108,4321
1000548,중앙로55길,19923,9952,9971,3097,2549,3207,3052,3219,4799,1578,1324,1703,1570,1567,2210,1519,1225,1504,1482,1652,2589,8174,1530,6644
1000547,중앙로51길,24244,11884,12360,4041,3017,3650,3797,3925,5814,2041,1547,1865,1880,1889,2662,2000,1470,1785,1917,2036,3152,9282,2659,6623
1000546,중앙로47길,16242,8170,8072,2334,2033,2348,2566,2951,4010,1214,1105,1212,1342,1430,1867,1120,928,1136,1224,1521,2143,7034,2279,4755
1000545,중앙로45길,18545,9171,9374,2829,2438,2777,2980,3159,4362,1447,1264,1402,1503,1525,2030,1382,1174,1375,1477,1634,2332,7747,2483,5264
1000544,중앙로36길,14860,7320,7540,3398,1692,1779,2983,2386,2622,1763,847,824,1432,1267,1187,1635,845,955,1551,1119,1435,5444,3296,2148
1000543,중앙로32길,14003,6822,7181,2962,1814,1818,2646,2261,2502,1522,898,852,1260,1138,1152,1440,916,966,1386,1123,1350,5205,2403,2802
1000542,중앙로25길,15861,7987,7874,2575,1920,2241,2651,2800,3674,1388,1058,1146,1315,1414,1666,1187,862,1095,1336,1386,2008,6559,3435,3124
1000541,은행정로7길,20572,10191,10381,3390,2769,3093,3545,3397,4378,1751,1381,1569,1782,1708,2000,1639,1388,1524,1763,1689,2378,8918,1619,7299
1000540,은행정로5길,15802,7755,8047,3211,1940,2142,2987,2475,3047,1637,963,1041,1478,1261,1375,1574,977,1101,1509,1214,1672,6169,2349,3820
1000539,오목로5길,22851,11350,11501,4056,2703,3523,3707,3627,5235,2075,1429,1761,1897,1782,2406,1981,1274,1762,1810,1845,2829,8567,2556,6011
1000538,오목로3길,22152,11061,11091,3879,2669,3452,3613,3542,4997,2001,1419,1702,1904,1753,2282,1878,1250,1750,1709,1789,2715,8428,2540,5888
1000537,오목로30길,23419,11605,11814,3392,3351,3790,3833,3886,5167,1737,1653,1973,1953,1924,2365,1655,1698,1817,1880,1962,2802,10669,1166,9503
1000536,오목로23길,19830,9856,9974,2640,2851,3423,3056,3220,4640,1344,1423,1825,1556,1544,2164,1296,1428,1598,1500,1676,2476,9029,848,8181
1000535,신월로20길,16514,8141,8373,2614,2069,2486,2543,2782,4020,1336,1096,1270,1258,1289,1892,1278,973,1216,1285,1493,2128,6160,3117,3043
1000534,신월로15길,19087,9390,9697,3153,2445,2710,3003,3222,4554,1618,1266,1380,1488,1574,2064,1535,1179,1330,1515,1648,2490,7115,2402,4713
1000533,신목로6길,25382,12364,13018,5544,3449,2613,4991,4413,4372,2820,1779,1203,2323,2252,1987,2724,1670,1410,2668,2161,2385,8722,4432,4290
1000532,신목로5길,21515,10535,10980,4868,2966,2023,4300,3883,3475,2473,1535,925,1974,2016,1612,2395,1431,1098,2326,1867,1863,7229,4547,2682
1000531,신목로2길,23261,11330,11931,4856,3248,2337,4412,4170,4238,2479,1671,1093,2033,2133,1921,2377,1577,1244,2379,2037,2317,8103,4443,3660
1000530,목동중앙서로8가길,16661,8076,8585,3058,2423,2371,2997,2837,2975,1553,1247,1152,1415,1396,1313,1505,1176,1219,1582,1441,1662,6652,1658,4994
1000529,목동중앙서로7길,26599,13082,13517,4591,4071,3811,4547,4652,4927,2437,2153,1930,2121,2270,2171,2154,1918,1881,2426,2382,2756,10761,1445,9316
1000528,목동중앙북로8길,19737,9488,10249,2740,3162,3590,2802,3271,4172,1472,1551,1785,1350,1497,1833,1268,1611,1805,1452,1774,2339,8390,2644,5746
1000527,목동중앙북로16길,19108,9254,9854,2775,3099,3965,2776,2937,3556,1429,1471,2018,1334,1370,1632,1346,1628,1947,1442,1567,1924,8178,1271,6907
1000526,목동중앙본로7길,24065,11871,12194,4278,3835,3486,3931,4295,4240,2294,2098,1697,1812,2059,1911,1984,1737,1789,2119,2236,2329,9016,1425,7591
1000525,목동중앙로3길,22932,11453,11479,5011,3440,2551,4438,4000,3492,2755,1859,1249,1975,2047,1568,2256,1581,1302,2463,1953,1924,8078,2129,5949
1000524,목동중앙로13나길,5681,2859,2822,1132,860,901,1032,917,839,605,417,456,480,480,421,527,443,445,552,437,418,2134,897,1237
1000523,목동중앙남로3가길,22738,11281,11457,3772,3590,3597,3575,4004,4200,2077,1962,1803,1655,1898,1886,1695,1628,1794,1920,2106,2314,8891,1203,7688
1000522,목동로9길,18308,8879,9429,3519,2518,2725,3322,3004,3220,1786,1263,1273,1596,1489,1472,1733,1255,1452,1726,1515,1748,7238,2444,4794
1000521,목동로19길,17127,8361,8766,2764,2572,2835,2834,2809,3313,1422,1252,1385,1392,1353,1557,1342,1320,1450,1442,1456,1756,7309,1322,5987
1000520,목동동로8길,15355,7585,7770,3750,2118,1429,3235,2728,2095,1936,1091,647,1478,1439,994,1814,1027,782,1757,1289,1101,4925,3318,1607
1000519,목동동로12길,22449,10781,11668,5160,2921,2555,4550,3657,3606,2588,1447,1121,2082,1844,1699,2572,1474,1434,2468,1813,1907,7609,2956,4653
1000518,목동남로4길,16289,7970,8319,2537,2271,1656,2602,3124,4099,1322,1215,845,1264,1540,1784,1215,1056,811,1338,1584,2315,6350,5402,948
1000517,남부순환로88길,12743,6215,6528,2978,1499,1597,2497,2047,2125,1521,776,763,1180,1019,956,1457,723,834,1317,1028,1169,4388,3043,1345
1000516,남부순환로79길,12853,6358,6495,2299,1692,1629,2178,2296,2759,1182,895,844,1063,1109,1265,1117,797,785,1115,1187,1494,4733,2060,2673
1000515,남부순환로70길,19648,9706,9942,2983,2507,2859,3087,3326,4886,1499,1342,1480,1619,1607,2159,1484,1165,1379,1468,1719,2727,7940,2070,5870
1000514,남부순환로58길,16575,8642,7933,2170,2224,2206,2571,3353,4051,1145,1150,1218,1379,1806,1944,1025,1074,988,1192,1547,2107,7866,836,7030
1000513,남부순환로40길,15927,8398,7529,1887,2111,2020,2388,3254,4267,998,1082,1144,1324,1776,2074,889,1029,876,1064,1478,2193,7977,442,7535
1000512,남부순환로33길,20825,10518,10307,3086,3007,3302,3117,3651,4662,1589,1565,1772,1593,1815,2184,1497,1442,1530,1524,1836,2478,9086,706,8380
1000511,곰달래로5길,24318,12492,11826,3086,3273,3427,3681,4709,6142,1589,1691,1910,1935,2459,2908,1497,1582,1517,1746,2250,3234,11368,971,10397
1000510,곰달래로3길,22782,11633,11149,2985,3035,3210,3495,4349,5708,1557,1574,1744,1834,2228,2696,1428,1461,1466,1661,2121,3012,10526,1001,9525
1000509,곰달래로2길,17990,9133,8857,2677,2280,2826,2898,3190,4119,1373,1230,1478,1530,1601,1921,1304,1050,1348,1368,1589,2198,7741,1169,6572
1000508,곰달래로10길,22294,11320,10974,3135,2879,3926,3482,3710,5162,1611,1486,2085,1884,1839,2415,1524,1393,1841,1598,1871,2747,9967,1594,8373
1000507,가로공원로58길,10819,5789,5030,1268,1362,1257,1662,2241,3029,663,692,732,952,1271,1479,605,670,525,710,970,1550,5624,342,5282
1000506,효창원로93길,18828,9013,9815,2420,3149,2842,3102,3160,4155,1226,1427,1454,1533,1577,1796,1194,1722,1388,1569,1583,2359,9074,1821,7253
1000505,토정로37길,18205,8698,9507,3852,1963,3242,3763,2447,2938,1896,916,1521,1833,1231,1301,1956,1047,1721,1930,1216,1637,7354,3597,3757
1000504,월드컵로8길,11982,5539,6443,1322,2323,2522,1860,1558,2397,683,1009,1146,896,757,1048,639,1314,1376,964,801,1349,6515,381,6134
1000503,월드컵로7길,16843,7732,9111,1971,3209,3656,2600,2196,3211,983,1385,1666,1289,1034,1375,988,1824,1990,1311,1162,1836,8698,511,8187
1000502,월드컵로36길,25191,11744,13447,3821,4249,4391,4253,3423,5054,1979,1781,2054,2081,1700,2149,1842,2468,2337,2172,1723,2905,12052,2194,9858
1000501,월드컵로25길,24795,11844,12951,3881,3446,4346,4269,3621,5232,1926,1672,2074,2126,1790,2256,1955,1774,2272,2143,1831,2976,10983,1953,9030
1000500,월드컵로19길,17853,8310,9543,2303,2940,3472,2946,2404,3788,1158,1338,1618,1426,1169,1601,1145,1602,1854,1520,1235,2187,8809,447,8362
1000499,월드컵로16길,18731,8745,9986,2516,3119,3726,3298,2430,3642,1261,1411,1726,1586,1195,1566,1255,1708,2000,1712,1235,2076,9313,261,9052
1000498,월드컵로11길,19938,9219,10719,2402,3421,4291,3151,2654,4019,1240,1508,1973,1547,1245,1706,1162,1913,2318,1604,1409,2313,10111,584,9527
1000497,월드컵로10길,15247,7008,8239,1725,2723,3364,2604,1956,2875,900,1176,1531,1240,929,1232,825,1547,1833,1364,1027,1643,8128,276,7852
1000496,와우산로3길,9016,4233,4783,946,1917,2030,1327,1189,1607,466,851,965,668,583,700,480,1066,1065,659,606,907,4846,502,4344
1000495,와우산로29길,7286,3454,3832,762,1781,1401,1082,949,1311,396,827,692,523,447,569,366,954,709,559,502,742,4147,473,3674
1000494,와우산로29가길,7704,3711,3993,831,2002,1427,1143,988,1313,433,986,716,551,456,569,398,1016,711,592,532,744,4387,606,3781
1000493,양화진길,9050,4312,4738,1355,1620,1790,1204,1216,1865,757,740,864,602,572,777,598,880,926,602,644,1088,4489,338,4151
1000492,양화로1길,15489,7267,8222,2246,2882,3233,2229,1994,2905,1179,1261,1516,1097,941,1273,1067,1621,1717,1132,1053,1632,7631,661,6970
1000491,양화로11길,8213,3792,4421,866,1632,1673,1239,1071,1732,448,714,748,596,525,761,418,918,925,643,546,971,4666,381,4285
1000490,신촌로30길,13040,6186,6854,2231,1971,2401,2050,2167,2220,1094,889,1133,1035,1044,991,1137,1082,1268,1015,1123,1229,5429,2190,3239
1000489,신촌로28가길,12136,5747,6389,1978,2103,2170,1857,1976,2052,940,923,1016,947,981,940,1038,1180,1154,910,995,1112,5385,1817,3568
1000488,신촌로12길,11888,5783,6105,1259,3037,2223,1698,1627,2044,645,1519,1100,827,786,906,614,1518,1123,871,841,1138,6725,1215,5510
1000487,숭문길,12142,5863,6279,2058,1731,1720,2180,1871,2582,1035,861,833,1093,946,1095,1023,870,887,1087,925,1487,5367,1722,3645
1000486,숭문8길,12904,6299,6605,2079,2038,2151,2134,1903,2599,1032,1016,1095,1082,962,1112,1047,1022,1056,1052,941,1487,5860,2093,3767
1000485,성지3길,8178,3826,4352,799,1453,1795,1174,1240,1717,402,660,869,584,584,727,397,793,926,590,656,990,4239,416,3823
1000484,성산로4길,21789,9912,11877,2664,4138,4329,3634,2780,4244,1333,1656,2049,1752,1327,1795,1331,2482,2280,1882,1453,2449,11408,1162,10246
1000483,성미산로32길,11108,5203,5905,1104,2286,2343,1692,1432,2251,574,1064,1103,838,675,949,530,1222,1240,854,757,1302,6104,685,5419
1000482,성미산로1길,19101,9030,10071,2750,2943,3420,3409,2620,3959,1375,1387,1652,1620,1283,1713,1375,1556,1768,1789,1337,2246,8881,610,8271
1000481,성미산로11길,15912,7525,8387,2031,2615,3154,2667,2223,3222,1029,1230,1537,1298,1023,1408,1002,1385,1617,1369,1200,1814,7608,522,7086
1000480,백범로16길,19161,9313,9848,3322,2710,2772,3388,2951,4018,1683,1358,1357,1705,1491,1719,1639,1352,1415,1683,1460,2299,8296,3167,5129
1000479,방울내로9안길,20225,9549,10676,2993,2825,3283,3461,2813,4850,1534,1302,1596,1751,1362,2004,1459,1523,1687,1710,1451,2846,9063,3062,6001
1000478,모래내로7길,15415,7509,7906,2473,2437,2244,2633,2412,3216,1277,1180,1121,1295,1197,1439,1196,1257,1123,1338,1215,1777,6514,1908,4606
1000477,매봉산로2길,8491,4169,4322,1356,1238,1486,1457,1256,1698,674,601,761,757,639,737,682,637,725,700,617,961,3872,1076,2796
1000476,망원로2길,25329,12127,13202,3538,3844,4864,4212,3651,5220,1787,1855,2335,2104,1781,2265,1751,1989,2529,2108,1870,2955,11953,1578,10375
1000475,망원로11길,19633,9216,10417,2924,2979,3586,3438,2728,3978,1456,1385,1703,1639,1347,1686,1468,1594,1883,1799,1381,2292,8988,708,8280
1000474,만리재옛길,20112,9588,10524,2610,3336,3531,3273,3280,4082,1302,1486,1749,1616,1627,1808,1308,1850,1782,1657,1653,2274,9955,2600,7355
1000473,마포대로4길,12794,6076,6718,1913,1720,2580,2192,1830,2559,956,795,1253,1021,882,1169,957,925,1327,1171,948,1390,5756,2007,3749
1000472,마포대로20길,19856,9487,10369,2973,2892,3888,3249,3174,3680,1459,1329,1890,1601,1575,1633,1514,1563,1998,1648,1599,2047,9042,3439,5603
1000471,마포대로12길,14421,6760,7661,2015,2340,2748,2236,2229,2853,1030,967,1317,1105,1089,1252,985,1373,1431,1131,1140,1601,6848,2500,4348
1000470,동교로38길,12220,5800,6420,1549,2742,2606,1708,1442,2173,866,1286,1239,857,645,907,683,1456,1367,851,797,1266,6756,868,5888
1000469,동교로27길,14574,6771,7803,1612,2828,3031,2315,1880,2908,807,1294,1403,1126,882,1259,805,1534,1628,1189,998,1649,7698,741,6957
1000468,동교로25길,10099,4692,5407,1072,1990,2214,1670,1269,1884,521,922,1019,806,588,836,551,1068,1195,864,681,1048,5442,130,5312
1000467,동교로19길,11494,5343,6151,1321,2124,2466,1986,1539,2058,660,962,1163,955,713,890,661,1162,1303,1031,826,1168,6030,123,5907
1000466,동교로17길,13704,6402,7302,1566,2392,2912,2437,1808,2589,794,1058,1359,1166,878,1147,772,1334,1553,1271,930,1442,7288,155,7133
1000465,독막로8길,7855,3713,4142,699,1579,1843,1107,1087,1540,351,727,909,559,515,652,348,852,934,548,572,888,4350,229,4121
1000464,독막로32길,19674,9690,9984,2990,2983,3073,3350,2987,4291,1570,1573,1538,1658,1499,1852,1420,1410,1535,1692,1488,2439,8970,2341,6629
1000463,독막로22길,13049,6175,6874,2489,1785,2305,2485,1832,2153,1286,801,1026,1193,891,978,1203,984,1279,1292,941,1175,5343,1040,4303
1000462,도화길,18116,8390,9726,2566,2526,3520,3066,2726,3712,1286,1107,1669,1425,1318,1585,1280,1419,1851,1641,1408,2127,8765,3148,5617
1000461,도화4길,24656,11641,13015,3935,3278,4395,3990,3902,5156,2013,1500,2104,1892,1875,2257,1922,1778,2291,2098,2027,2899,10364,4435,5929
1000460,대흥로28길,8426,3834,4592,895,2139,1410,1170,1195,1617,438,773,679,613,630,701,457,1366,731,557,565,916,4902,332,4570
1000459,대흥로21길,14066,6663,7403,1129,3819,2359,1843,1883,3033,579,1621,1198,968,1000,1297,550,2198,1161,875,883,1736,9044,873,8171
1000458,광성로6길,15707,7896,7811,2271,2667,2283,2668,2438,3380,1210,1460,1158,1343,1262,1463,1061,1207,1125,1325,1176,1917,7340,2273,5067
1000457,홍제내길,13479,6339,7140,2093,1770,1836,2161,2157,3462,1018,859,916,1037,1006,1503,1075,911,920,1124,1151,1959,5328,1352,3976
1000456,홍연길,11253,5430,5823,1494,1647,1624,1789,1746,2953,753,847,810,924,851,1245,741,800,814,865,895,1708,5164,795,4369
1000455,통일로39길,11600,5515,6085,1534,1521,1501,1815,1984,3245,768,751,747,900,917,1432,766,770,754,915,1067,1813,5060,1531,3529
1000454,통일로37길,13685,6521,7164,1753,1780,1834,2178,2296,3844,885,867,924,1089,1086,1670,868,913,910,1089,1210,2174,6246,1108,5138
1000453,통일로11길,9823,4653,5170,1581,1343,1486,1664,1579,2170,790,640,707,809,795,912,791,703,779,855,784,1258,4510,445,4065
1000452,충정로6길,5433,2652,2781,589,869,1240,893,724,1118,296,359,591,468,401,537,293,510,649,425,323,581,3245,763,2482
1000451,충정로4길,11640,5760,5880,1345,1733,1969,1797,1886,2910,685,858,958,937,977,1345,660,875,1011,860,909,1565,5990,738,5252
1000450,증가로6길,16402,8019,8383,2121,2771,2206,2562,2622,4120,1083,1406,1162,1287,1283,1798,1038,1365,1044,1275,1339,2322,7853,718,7135
1000449,증가로23나길,33028,16047,16981,4988,4517,4487,5406,5592,8038,2570,2314,2215,2676,2680,3592,2418,2203,2272,2730,2912,4446,13902,3942,9960
1000448,증가로20가길,23497,11592,11905,3697,3818,3160,3843,3869,5110,1933,1990,1620,1869,1896,2284,1764,1828,1540,1974,1973,2826,10132,1834,8298
1000447,증가로10길,16415,8026,8389,2049,2993,2186,2591,2602,3994,1050,1474,1156,1296,1289,1761,999,1519,1030,1295,1313,2233,8119,289,7830
1000446,응암로1길,20795,10152,10643,2799,2881,3052,3282,3433,5348,1441,1469,1553,1638,1648,2403,1358,1412,1499,1644,1785,2945,9253,656,8597
1000445,연희로10길,11601,5799,5802,1204,3475,2111,1517,1391,1903,609,1884,1100,732,650,824,595,1591,1011,785,741,1079,6843,905,5938
1000444,신촌로37길,13639,6698,6941,1574,1983,2002,2084,2430,3566,818,1006,1045,1070,1220,1539,756,977,957,1014,1210,2027,6605,287,6318
1000443,수색로8길,15998,7779,8219,2760,2016,2250,2699,2629,3644,1406,1045,1065,1364,1282,1617,1354,971,1185,1335,1347,2027,6220,2281,3939
1000442,세무서길,18550,9004,9546,2487,2467,2453,2829,3218,5096,1295,1219,1268,1405,1602,2215,1192,1248,1185,1424,1616,2881,8084,2655,5429
1000441,세무서2길,17734,8534,9200,2325,2425,2302,2672,3191,4819,1213,1215,1169,1296,1543,2098,1112,1210,1133,1376,1648,2721,7646,2858,4788
1000440,세검정로1길,14634,6967,7667,2219,1848,1764,2278,2410,4115,1121,878,894,1120,1202,1752,1098,970,870,1158,1208,2363,5997,2773,3224
1000439,북아현로4길,15893,7872,8021,1931,2367,2371,2469,2854,3901,987,1220,1259,1249,1451,1706,944,1147,1112,1220,1403,2195,7614,412,7202
1000438,모래내로15길,33777,16337,17440,6513,4010,5202,5868,5009,7175,3277,1985,2437,3007,2475,3156,3236,2025,2765,2861,2534,4019,13172,8751,4421
1000437,명지대길,18422,9014,9408,2493,3558,2410,2857,2959,4145,1281,1781,1293,1381,1450,1828,1212,1777,1117,1476,1509,2317,9016,485,8531
1000436,독립문로8길,23786,11427,12359,3809,3282,3588,4007,3803,5297,1878,1616,1783,1977,1886,2287,1931,1666,1805,2030,1917,3010,10564,1590,8974
1000435,가재울로6길,24716,11933,12783,4341,3145,3608,4240,3683,5699,2166,1589,1710,2197,1784,2487,2175,1556,1898,2043,1899,3212,10270,4778,5492
1000434,통일로92길,22413,10950,11463,2685,3575,3513,3339,3725,5576,1381,1807,1860,1674,1718,2510,1304,1768,1653,1665,2007,3066,10498,149,10349
1000433,통일로87길,20311,9845,10466,2486,3246,3320,3007,3382,4870,1245,1622,1736,1510,1562,2170,1241,1624,1584,1497,1820,2700,9459,133,9326
1000432,통일로78길,21264,10092,11172,2533,3345,3385,3092,3532,5377,1298,1594,1749,1490,1618,2343,1235,1751,1636,1602,1914,3034,9948,1200,8748
1000431,통일로69길,16239,7763,8476,1888,2452,2553,2463,2697,4186,925,1155,1291,1250,1325,1817,963,1297,1262,1213,1372,2369,7967,309,7658
1000430,진흥로1길,27936,13202,14734,4064,3918,4766,4656,4363,6169,2055,1808,2291,2340,2036,2672,2009,2110,2475,2316,2327,3497,12661,513,12148
1000429,진흥로12길,27046,13020,14026,3286,3818,4275,4165,4404,7098,1603,1850,2221,2123,2152,3071,1683,1968,2054,2042,2252,4027,13354,671,12683
1000428,증산서길,13420,6627,6793,1969,1843,2022,2040,2253,3293,1038,970,1018,1003,1080,1518,931,873,1004,1037,1173,1775,5315,1338,3977
1000427,증산로9길,15039,7374,7665,2097,1995,2064,2351,2578,3954,1076,1025,1042,1165,1240,1826,1021,970,1022,1186,1338,2128,6430,1045,5385
1000426,증산로5길,12218,6006,6212,1747,1592,1698,1883,2001,3297,911,824,874,937,962,1498,836,768,824,946,1039,1799,5332,1002,4330
1000425,증산로21길,29091,14169,14922,4094,4182,4708,4667,4719,6721,2118,2111,2495,2296,2234,2915,1976,2071,2213,2371,2485,3806,12625,946,11679
1000424,증산로17길,19598,9645,9953,2671,2591,2881,3095,3280,5080,1412,1315,1470,1560,1593,2295,1259,1276,1411,1535,1687,2785,8787,1086,7701
1000423,증산로15길,17036,8482,8554,2525,2224,2392,2753,2894,4248,1331,1178,1217,1406,1393,1957,1194,1046,1175,1347,1501,2291,7154,1495,5659
1000422,증산로13길,18719,9268,9451,2331,2554,2794,2901,3208,4931,1199,1318,1440,1489,1574,2248,1132,1236,1354,1412,1634,2683,8473,794,7679
1000421,응암로34길,21253,10292,10961,3600,2664,3292,3776,3192,4729,1887,1324,1613,1916,1519,2033,1713,1340,1679,1860,1673,2696,9311,1262,8049
1000420,응암로22길,18065,8807,9258,2878,2066,2903,3130,2719,4369,1469,1070,1442,1625,1356,1845,1409,996,1461,1505,1363,2524,7934,1225,6709
1000419,응암로14길,20067,9812,10255,3216,2438,3337,3357,2986,4733,1681,1230,1648,1710,1509,2034,1535,1208,1689,1647,1477,2699,8791,1565,7226
1000418,응암로13길,15637,7640,7997,1693,2150,2350,2377,2633,4434,882,1102,1219,1210,1293,1934,811,1048,1131,1167,1340,2500,7716,135,7581
1000417,응암로12길,14933,7433,7500,1819,2032,1940,2275,2585,4282,986,1072,1058,1138,1312,1867,833,960,882,1137,1273,2415,7147,192,6955
1000416,은평로8길,22805,10869,11936,3428,3305,3995,3862,3300,4915,1743,1522,1967,1955,1567,2115,1685,1783,2028,1907,1733,2800,10593,887,9706
1000415,은평로3길,25749,12189,13560,3772,3645,4237,4307,3983,5805,1865,1733,2091,2131,1883,2486,1907,1912,2146,2176,2100,3319,11446,602,10844
1000414,은평로20길,9448,4568,4880,1245,1188,1473,1414,1610,2518,654,598,747,696,772,1101,591,590,726,718,838,1417,4312,575,3737
1000413,은평로13길,23069,11046,12023,3493,2921,3569,3914,3686,5486,1783,1406,1781,1945,1776,2355,1710,1515,1788,1969,1910,3131,10304,922,9382
1000412,은평로10길,21760,10467,11293,3951,2665,3234,3806,3284,4820,2078,1273,1589,1867,1581,2079,1873,1392,1645,1939,1703,2741,9195,1440,7755
1000411,연서로5길,27206,12921,14285,4316,3693,4291,4635,4378,5893,2134,1798,2095,2272,2064,2558,2182,1895,2196,2363,2314,3335,11397,529,10868
1000410,연서로41길,18936,9238,9698,2461,2629,2680,2915,3310,4941,1270,1311,1425,1477,1563,2192,1191,1318,1255,1438,1747,2749,8584,108,8476
1000409,연서로3길,24944,11885,13059,3927,3384,3984,4215,4002,5432,1972,1647,1954,2096,1868,2348,1955,1737,2030,2119,2134,3084,10318,447,9871
1000408,연서로34길,20785,10039,10746,2650,2901,2987,3195,3504,5548,1366,1462,1570,1576,1659,2406,1284,1439,1417,1619,1845,3142,9463,380,9083
1000407,연서로33길,19367,9344,10023,2241,2937,2941,2919,3247,5082,1156,1464,1563,1435,1504,2222,1085,1473,1378,1484,1743,2860,9318,21,9297
1000406,연서로29길,14725,7029,7696,1912,2427,2424,2297,2402,3263,987,1144,1225,1100,1126,1447,925,1283,1199,1197,1276,1816,7046,263,6783
1000405,연서로28길,21731,10250,11481,2724,3528,3570,3411,3447,5051,1329,1669,1820,1657,1586,2189,1395,1859,1750,1754,1861,2862,10340,682,9658
1000404,연서로27길,23204,11014,12190,3376,3674,3819,3832,3605,4898,1697,1739,1935,1836,1673,2134,1679,1935,1884,1996,1932,2764,10489,281,10208
1000403,연서로21길,25155,11926,13229,3847,3633,3929,4284,3985,5477,1890,1722,2004,2039,1870,2401,1957,1911,1925,2245,2115,3076,10849,101,10748
1000402,연서로17길,22608,10681,11927,3585,3257,3355,3861,3583,4967,1762,1541,1690,1832,1676,2180,1823,1716,1665,2029,1907,2787,9450,168,9282
1000401,연서로16길,27667,13066,14601,4222,3812,4284,4657,4431,6261,2082,1803,2128,2228,2085,2740,2140,2009,2156,2429,2346,3521,11884,667,11217
1000400,연서로13길,26779,12767,14012,4215,3801,3967,4474,4378,5944,2029,1797,2010,2140,2098,2693,2186,2004,1957,2334,2280,3251,11033,400,10633
1000399,연서로11길,23989,11415,12574,3795,3462,3519,4046,3956,5211,1841,1663,1806,1933,1883,2289,1954,1799,1713,2113,2073,2922,9622,365,9257
1000398,역말로9길,27151,12891,14260,3764,3998,4138,4362,4440,6449,1838,1931,2069,2148,2109,2796,1926,2067,2069,2214,2331,3653,12280,937,11343
1000397,수색로18길,4120,2083,2037,371,519,496,561,772,1401,198,277,262,317,413,616,173,242,234,244,359,785,2103,50,2053
1000396,서오릉로8길,25344,12242,13102,3270,3462,4049,3973,4145,6445,1634,1680,2092,2028,1990,2818,1636,1782,1957,1945,2155,3627,11845,500,11345
1000395,서오릉로21길,19896,9765,10131,3131,2754,2651,3191,3372,4797,1620,1391,1354,1547,1578,2275,1511,1363,1297,1644,1794,2522,7911,1206,6705
1000394,불광천길,22160,10711,11449,2971,3024,3590,3615,3404,5556,1509,1513,1836,1821,1635,2397,1462,1511,1754,1794,1769,3159,10351,663,9688
1000393,갈현로7길,26682,13424,13258,4262,3495,3954,4389,4505,6077,2144,1742,2003,2267,2301,2967,2118,1753,1951,2122,2204,3110,9944,284,9660
1000392,갈현로41길,21049,10241,10808,2833,3217,2888,3269,3647,5195,1471,1680,1479,1591,1699,2321,1362,1537,1409,1678,1948,2874,9339,619,8720
1000391,갈현로33길,22156,10689,11467,3373,3338,3266,3539,3786,4854,1763,1671,1653,1664,1759,2179,1610,1667,1613,1875,2027,2675,9466,972,8494
1000390,갈현로1길,25004,12209,12795,4020,3386,3911,4064,4105,5518,2084,1770,1998,1967,1934,2456,1936,1616,1913,2097,2171,3062,9831,1182,8649
1000389,가좌로7길,26855,13396,13459,3810,4138,3467,4286,4556,6598,2033,2190,1848,2152,2266,2907,1777,1948,1619,2134,2290,3691,12104,985,11119
1000388,한글비석로44길,22834,11293,11541,3344,3292,2518,3662,4221,5797,1730,1762,1365,1763,2080,2593,1614,1530,1153,1899,2141,3204,9639,1770,7869
1000387,한글비석로24길,22478,10976,11502,3167,3032,2678,3640,3915,6046,1593,1580,1436,1819,1936,2612,1574,1452,1242,1821,1979,3434,9773,3130,6643
1000386,한글비석로22길,19374,9327,10047,3240,2629,2182,3292,3352,4679,1663,1333,1100,1568,1615,2048,1577,1296,1082,1724,1737,2631,7588,5410,2178
1000385,석계로1길,16177,8176,8001,2160,2340,2172,2542,2684,4279,1103,1291,1120,1311,1343,2008,1057,1049,1052,1231,1341,2271,7170,2878,4292
1000384,상계로9가길,22903,11206,11697,3075,3447,2754,3541,4078,6008,1555,1721,1482,1760,2021,2667,1520,1726,1272,1781,2057,3341,10314,2347,7967
1000383,상계로1길,12688,5982,6706,1897,1885,2159,2014,2173,2560,951,870,1045,952,1007,1157,946,1015,1114,1062,1166,1403,5269,3906,1363
1000382,상계로12길,31119,15167,15952,5736,4826,3316,5571,5689,5981,2976,2416,1655,2606,2855,2659,2760,2410,1661,2965,2834,3322,11989,6702,5287
1000381,동일로242길,11698,5688,6010,1705,1836,1469,1687,2164,2837,865,952,724,805,1000,1342,840,884,745,882,1164,1495,4448,1268,3180
1000380,동일로192길,26390,13340,13050,3448,5795,3772,3504,4155,5716,1751,3092,1985,1799,1996,2717,1697,2703,1787,1705,2159,2999,12677,2563,10114
1000379,동일로173가길,19291,9496,9795,2580,3448,3089,2743,3144,4287,1324,1650,1598,1439,1458,2027,1256,1798,1491,1304,1686,2260,8838,2547,6291
1000378,공릉로58길,8553,4145,4408,1549,1553,1032,1452,1533,1434,851,818,495,642,718,621,698,735,537,810,815,813,3419,1654,1765
1000377,해등로16길,23735,11469,12266,3773,3313,3503,3583,4189,5374,1956,1632,1806,1684,1916,2475,1817,1681,1697,1899,2273,2899,9081,6082,2999
1000376,우이천로4다길,20885,10406,10479,3024,2721,2634,3348,3696,5462,1558,1437,1403,1687,1859,2462,1466,1284,1231,1661,1837,3000,9149,2508,6641
1000375,우이천로32길,17893,8676,9217,2817,2380,2349,2922,3006,4419,1376,1231,1182,1460,1424,2003,1441,1149,1167,1462,1582,2416,7205,2383,4822
1000374,시루봉로23길,12967,6700,6267,1360,1763,1702,1957,2400,3785,722,911,937,1072,1245,1813,638,852,765,885,1155,1972,6483,0,6483
1000373,삼양로144길,8261,3933,4328,1053,1245,1083,1287,1293,2300,559,494,565,647,621,1047,494,751,518,640,672,1253,3941,430,3511
1000372,방학로6가길,21121,10590,10531,2565,2905,2684,3136,4064,5767,1379,1550,1432,1624,1986,2619,1186,1355,1252,1512,2078,3148,9566,1242,8324
1000371,방학로5길,22302,10873,11429,3148,3053,3200,3281,4019,5601,1712,1548,1676,1596,1857,2484,1436,1505,1524,1685,2162,3117,9422,3299,6123
1000370,방학로15길,17907,8808,9099,3626,2271,2092,3161,3122,3635,1956,1241,996,1469,1479,1667,1670,1030,1096,1692,1643,1968,6089,5406,683
1000369,방학로10길,18630,9249,9381,2542,2668,2310,2813,3507,4790,1355,1455,1226,1361,1652,2200,1187,1213,1084,1452,1855,2590,7834,1762,6072
1000368,도봉산길,9730,4869,4861,1157,1237,1327,1293,1719,2997,617,666,711,673,812,1390,540,571,616,620,907,1607,3983,1618,2365
1000367,도봉산4길,3912,1973,1939,431,494,522,508,684,1273,236,265,277,264,342,589,195,229,245,244,342,684,1645,773,872
1000366,도봉로181길,15188,7534,7654,1903,2070,2069,2069,2660,4417,992,1064,1111,1069,1252,2046,911,1006,958,1000,1408,2371,6340,2354,3986
1000365,도봉로169나길,11676,5883,5793,1354,1369,1508,1668,2064,3713,698,709,822,906,1013,1735,656,660,686,762,1051,1978,5293,957,4336
1000364,도봉로156길,13985,7068,6917,1607,1688,1812,2085,2520,4273,842,893,987,1126,1297,1923,765,795,825,959,1223,2350,6814,2076,4738
1000363,도봉로152가길,14703,7398,7305,1814,1710,1962,2204,2558,4455,922,883,1066,1183,1286,2058,892,827,896,1021,1272,2397,6673,1882,4791
1000362,도봉로147길,21316,10685,10631,2566,2941,2709,3155,4108,5837,1332,1521,1428,1648,2069,2687,1234,1420,1281,1507,2039,3150,9808,1053,8755
1000361,도봉로143길,16598,8226,8372,2186,2292,2243,2369,3097,4411,1196,1174,1183,1206,1488,1979,990,1118,1060,1163,1609,2432,7255,1489,5766
1000360,도봉로114길,21874,10663,11211,2579,3401,3666,3299,3644,5285,1292,1669,1886,1681,1717,2418,1287,1732,1780,1618,1927,2867,10280,1184,9096
1000359,도봉로109길,22031,10628,11403,2847,3112,3513,3373,3615,5571,1441,1458,1767,1719,1673,2570,1406,1654,1746,1654,1942,3001,9744,2582,7162
1000358,도당로29길,18736,9564,9172,2158,2724,2324,2902,3492,5136,1117,1424,1243,1533,1814,2433,1041,1300,1081,1369,1678,2703,8916,863,8053
1000357,도당로19길,21181,10820,10361,2414,2914,2525,3252,4078,5998,1278,1576,1361,1702,2081,2822,1136,1338,1164,1550,1997,3176,9998,347,9651
1000356,도당로13바길,21538,10954,10584,2790,2914,2565,3360,4062,5847,1464,1602,1409,1727,2062,2690,1326,1312,1156,1633,2000,3157,9752,308,9444
1000355,도당로13가길,21133,10714,10419,2569,2960,2505,3246,4119,5734,1363,1604,1357,1666,2075,2649,1206,1356,1148,1580,2044,3085,9696,465,9231
1000354,덕릉로60길,20436,10152,10284,3082,2748,2687,3352,3601,4966,1610,1418,1402,1679,1784,2259,1472,1330,1285,1673,1817,2707,8785,1862,6923
1000353,노해로63다길,16875,8183,8692,2667,2429,2401,2522,3016,3840,1352,1207,1211,1200,1409,1804,1315,1222,1190,1322,1607,2036,6409,4830,1579
1000352,노해로60길,20063,9626,10437,2350,3074,3157,3006,3363,5113,1146,1446,1598,1520,1572,2344,1204,1628,1559,1486,1791,2769,9441,1282,8159
1000351,한천로140길,15506,7753,7753,1596,2614,2416,2265,2647,3968,853,1287,1305,1192,1303,1813,743,1327,1111,1073,1344,2155,7848,1032,6816
1000350,한천로139가길,12681,6286,6395,1157,2153,1954,1859,2235,3323,594,1001,1070,1005,1117,1499,563,1152,884,854,1118,1824,6872,281,6591
1000349,한천로132길,18742,9330,9412,1969,3221,2960,2772,3127,4693,1043,1579,1560,1435,1555,2158,926,1642,1400,1337,1572,2535,9483,1471,8012
1000348,한천로130길,19336,9674,9662,2416,3010,2848,3061,3290,4711,1288,1498,1480,1578,1661,2169,1128,1512,1368,1483,1629,2542,9119,1440,7679
1000347,한천로124나길,16243,8136,8107,1842,2775,2463,2629,2615,3919,985,1327,1306,1386,1338,1794,857,1448,1157,1243,1277,2125,8295,479,7816
1000346,한천로109길,23599,11300,12299,3558,2761,2804,3886,3710,6880,1803,1409,1446,1959,1798,2885,1755,1352,1358,1927,1912,3995,9379,7650,1729
1000345,인수봉로79길,14685,7160,7525,2092,1803,1895,2289,2545,4061,1048,912,978,1127,1231,1864,1044,891,917,1162,1314,2197,6354,230,6124
1000344,인수봉로72길,21597,10614,10983,2973,2783,2945,3292,3760,5844,1502,1451,1582,1633,1846,2600,1471,1332,1363,1659,1914,3244,9350,600,8750
1000343,인수봉로56길,18140,8886,9254,2494,2591,2493,2740,3127,4695,1277,1314,1347,1388,1473,2087,1217,1277,1146,1352,1654,2608,7998,74,7924
1000342,오패산로67길,16567,8112,8455,1387,3053,2727,2588,2736,4076,664,1288,1484,1395,1396,1885,723,1765,1243,1193,1340,2191,9607,262,9345
1000341,오패산로52길,18019,8831,9188,2357,2514,2434,2733,3207,4774,1252,1344,1294,1380,1475,2086,1105,1170,1140,1353,1732,2688,7705,334,7371
1000340,오패산로30길,17238,8169,9069,2320,2443,2425,2768,2867,4415,1125,1166,1206,1375,1360,1937,1195,1277,1219,1393,1507,2478,7670,567,7103
1000339,수유로12길,17647,8638,9009,1741,2924,2768,2518,2990,4706,860,1289,1521,1324,1508,2136,881,1635,1247,1194,1482,2570,9520,212,9308
1000338,솔샘로65길,17744,8712,9032,1948,2431,2389,2699,3380,4897,951,1234,1315,1380,1626,2206,997,1197,1074,1319,1754,2691,8442,0,8442
1000337,솔매로50길,19872,9755,10117,2522,2849,2792,3127,3522,5060,1320,1384,1495,1601,1653,2302,1202,1465,1297,1526,1869,2758,9046,160,8886
1000336,솔매로45길,14169,6949,7220,1565,2087,1951,2021,2565,3980,842,980,1050,1024,1252,1801,723,1107,901,997,1313,2179,7167,341,6826
1000335,솔매로41길,19791,9731,10060,2317,2703,2790,2983,3527,5471,1239,1286,1485,1513,1743,2465,1078,1417,1305,1470,1784,3006,9929,475,9454
1000334,삼양로93길,23141,11351,11790,3159,3211,3149,3511,4037,6074,1639,1654,1674,1785,1934,2665,1520,1557,1475,1726,2103,3409,9912,458,9454
1000333,삼양로77길,20964,10426,10538,2924,2841,2794,3205,3769,5431,1510,1465,1501,1644,1860,2446,1414,1376,1293,1561,1909,2985,9577,115,9462
1000332,삼양로54길,20139,9953,10186,2344,2752,2766,3072,3704,5501,1190,1354,1491,1593,1831,2494,1154,1398,1275,1479,1873,3007,9584,296,9288
1000331,삼양로41길,24642,12118,12524,3632,3020,3231,3960,4344,6455,1858,1570,1680,2026,2179,2805,1774,1450,1551,1934,2165,3650,10915,3148,7767
1000330,삼양로27길,24896,12047,12849,4343,2656,3259,4544,3966,6128,2241,1343,1599,2283,1970,2611,2102,1313,1660,2261,1996,3517,10518,6431,4087
1000329,삼양로24길,21332,10591,10741,2937,2648,2834,3437,3831,5645,1510,1410,1487,1765,1883,2536,1427,1238,1347,1672,1948,3109,9631,2328,7303
1000328,삼양로20길,19079,9469,9610,3464,2183,2690,3431,3051,4260,1836,1116,1360,1754,1503,1900,1628,1067,1330,1677,1548,2360,7841,2553,5288
1000327,삼각산로28길,20112,9954,10158,2182,3184,3142,3016,3451,5137,1105,1574,1705,1556,1707,2307,1077,1610,1437,1460,1744,2830,9856,221,9635
1000326,도봉로99길,13042,6527,6515,1376,2185,1992,1893,2288,3308,744,1053,1095,1008,1128,1499,632,1132,897,885,1160,1809,6517,761,5756
1000325,도봉로8길,6102,3062,3040,545,833,740,975,1154,1855,285,418,398,514,585,862,260,415,342,461,569,993,3438,0,3438
1000324,도봉로76길,16088,7805,8283,1468,2934,2565,2384,2670,4067,696,1225,1409,1274,1328,1873,772,1709,1156,1110,1342,2194,8820,583,8237
1000323,도봉로67길,15728,7618,8110,1785,2256,2104,2250,2783,4550,916,1056,1123,1151,1342,2030,869,1200,981,1099,1441,2520,7924,492,7432
1000322,도봉로45길,18340,8966,9374,2116,2636,2623,2892,3299,4774,1099,1264,1409,1462,1592,2140,1017,1372,1214,1430,1707,2634,8838,17,8821
1000321,도봉로18길,13486,6534,6952,1678,1770,1883,2150,2395,3610,852,897,1015,1070,1096,1604,826,873,868,1080,1299,2006,5791,0,5791
1000320,도봉로13길,11587,5788,5799,1482,1546,1536,1780,2120,3123,762,805,829,942,1061,1389,720,741,707,838,1059,1734,5407,482,4925
1000319,덕릉로41길,16731,8295,8436,1803,2907,2608,2660,2720,4033,920,1369,1392,1392,1375,1847,883,1538,1216,1268,1345,2186,8750,297,8453
1000318,덕릉로40길,12865,6355,6510,1563,1892,1649,2061,2132,3568,814,922,902,1131,1049,1537,749,970,747,930,1083,2031,6016,1283,4733
1000317,노해로33길,15854,7763,8091,2043,2260,2022,2529,2782,4218,1038,1169,1091,1291,1323,1851,1005,1091,931,1238,1459,2367,7122,910,6212
1000316,노해로23길,17028,8355,8673,2104,2383,2220,2650,2962,4709,1123,1212,1197,1372,1406,2045,981,1171,1023,1278,1556,2664,7530,1555,5975
1000315,노해로17길,22685,11158,11527,2639,3427,3337,3353,3938,5991,1354,1705,1776,1732,1913,2678,1285,1722,1561,1621,2025,3313,10561,1400,9161
1000314,화랑로40길,11428,5838,5590,1245,1611,1581,1749,2085,3157,648,838,852,933,1040,1527,597,773,729,816,1045,1630,5580,451,5129
1000313,화랑로32길,14559,7120,7439,1823,2238,1880,2285,2512,3821,939,1095,969,1180,1249,1688,884,1143,911,1105,1263,2133,6845,776,6069
1000312,화랑로1길,23938,11782,12156,4070,2974,3312,4090,3806,5686,2091,1504,1650,2130,1852,2555,1979,1470,1662,1960,1954,3131,9665,3647,6018
1000311,화랑로19길,17515,8727,8788,2447,2275,2286,2741,3016,4750,1275,1212,1165,1430,1485,2160,1172,1063,1121,1311,1531,2590,7339,1329,6010
1000310,화랑로14길,12598,6126,6472,2168,1978,1785,2165,1839,2663,1171,870,872,1104,930,1179,997,1108,913,1061,909,1484,5562,2323,3239
1000309,화랑로13길,16700,7921,8779,2779,2814,2269,2703,2482,3653,1332,1211,1138,1348,1254,1638,1447,1603,1131,1355,1228,2015,7109,3074,4035
1000308,한천로76길,14585,7354,7231,1766,1991,2059,2215,2691,3863,919,1039,1071,1161,1354,1810,847,952,988,1054,1337,2053,6713,1297,5416
1000307,한천로101가길,11771,5785,5986,2161,1382,1597,1965,1944,2722,1061,709,821,1002,967,1225,1100,673,776,963,977,1497,4635,1553,3082
1000306,창경궁로43길,10927,5122,5805,1387,2035,1728,1754,1628,2395,695,982,836,841,776,992,692,1053,892,913,852,1403,5572,141,5431
1000305,지봉로20길,18325,8932,9393,2592,3169,3126,2957,2822,3659,1315,1551,1603,1500,1370,1593,1277,1618,1523,1457,1452,2066,8538,803,7735
1000304,종암로5길,9672,4951,4721,1350,2097,1447,1316,1415,2047,693,1190,795,655,712,906,657,907,652,661,703,1141,4667,1050,3617
1000303,종암로24가길,17884,8723,9161,3238,2145,2488,3187,2751,4075,1743,1110,1178,1602,1360,1730,1495,1035,1310,1585,1391,2345,7428,3045,4383
1000302,종암로21길,17520,8438,9082,3241,2060,2589,3198,2592,3840,1615,1035,1259,1600,1319,1610,1626,1025,1330,1598,1273,2230,7247,2279,4968
1000301,종암로19길,18309,8870,9439,2887,2602,2416,3033,3047,4324,1419,1357,1240,1471,1528,1855,1468,1245,1176,1562,1519,2469,7855,1503,6352
1000300,종암로16길,22273,10988,11285,3831,2904,3031,3803,3570,5134,2090,1525,1483,1906,1778,2206,1741,1379,1548,1897,1792,2928,9409,3542,5867
1000299,정릉로8길,4616,2411,2205,599,945,724,538,627,1183,322,524,428,281,331,525,277,421,296,257,296,658,2497,109,2388
1000298,정릉로27길,27372,13358,14014,4620,3543,3924,4647,4211,6427,2394,1831,1994,2285,2036,2818,2226,1712,1930,2362,2175,3609,11113,2475,8638
1000297,정릉로26길,16191,7901,8290,2818,1980,2189,2798,2572,3834,1459,1023,1102,1362,1235,1720,1359,957,1087,1436,1337,2114,6211,2521,3690
1000296,장위로50길,9758,5078,4680,975,1224,1135,1524,1925,2975,517,654,625,831,1047,1404,458,570,510,693,878,1571,4958,251,4707
1000295,장월로1길,13340,6432,6908,1823,2295,1896,1985,2106,3235,912,1014,962,1020,1054,1470,911,1281,934,965,1052,1765,6005,1843,4162
1000294,인촌로6길,14396,7158,7238,1471,2838,2287,2118,2300,3382,766,1449,1241,1102,1110,1490,705,1389,1046,1016,1190,1892,7629,400,7229
1000293,인촌로5길,10472,4735,5737,956,2966,1809,1369,1419,1953,493,1197,850,666,693,836,463,1769,959,703,726,1117,6215,501,5714
1000292,인촌로24길,8215,4330,3885,952,2280,1209,1035,1099,1640,483,1314,708,535,546,744,469,966,501,500,553,896,4504,715,3789
1000291,개운사길,3106,1620,1486,256,1412,406,260,282,490,137,729,249,139,140,226,119,683,157,121,142,264,2213,0,2213
1000290,인촌로1길,15430,7208,8222,1566,3701,2720,2116,2143,3184,808,1614,1326,1070,1056,1334,758,2087,1394,1046,1087,1850,8747,427,8320
1000289,인촌로17가길,9795,4716,5079,962,2779,1500,1261,1412,1881,516,1324,751,618,701,806,446,1455,749,643,711,1075,5588,527,5061
1000288,오패산로4길,22025,10619,11406,3610,3395,2952,3602,3357,5109,1804,1561,1504,1841,1625,2284,1806,1834,1448,1761,1732,2825,9160,3950,5210
1000287,오패산로3길,21695,10679,11016,3635,2568,2796,3732,3482,5482,1822,1312,1431,1921,1704,2489,1813,1256,1365,1811,1778,2993,8845,3421,5424
1000286,오패산로19길,14488,7130,7358,2414,1639,1840,2592,2325,3678,1198,819,922,1316,1171,1704,1216,820,918,1276,1154,1974,6452,1780,4672
1000285,안암로5길,15613,8071,7542,1561,3167,2473,2244,2498,3670,812,1756,1350,1203,1272,1678,749,1411,1123,1041,1226,1992,8638,491,8147
1000284,아리랑로4길,18425,8283,10142,2823,3604,3011,3058,2430,3499,1322,1348,1429,1487,1197,1500,1501,2256,1582,1571,1233,1999,8978,1779,7199
1000283,솔샘로6길,12778,6431,6347,1589,2234,1676,1878,1906,3495,850,1207,919,969,943,1543,739,1027,757,909,963,1952,6121,291,5830
1000282,성북로8길,12681,6007,6674,1891,2071,1975,2095,2042,2607,957,996,936,1016,981,1121,934,1075,1039,1079,1061,1486,5650,1291,4359
1000281,삼양로8길,18061,8738,9323,3495,2072,2699,3277,2632,3886,1833,993,1256,1635,1328,1693,1662,1079,1443,1642,1304,2193,7229,2468,4761
1000280,삼선교로16가길,15652,7646,8006,2590,2364,2292,2711,2437,3258,1331,1175,1166,1352,1181,1441,1259,1189,1126,1359,1256,1817,6723,2010,4713
1000279,삼선교로10다길,13313,6515,6798,1754,2259,2016,2112,2097,3075,887,1150,1045,1068,1008,1357,867,1109,971,1044,1089,1718,6435,635,5800
1000278,삼선교로10길,12767,6291,6476,1676,2263,1914,2034,1966,2914,895,1137,992,1026,956,1285,781,1126,922,1008,1010,1629,6312,519,5793
1000277,보문로32길,9477,4033,5444,775,2819,1665,1236,1190,1792,383,955,763,582,582,768,392,1864,902,654,608,1024,5923,320,5603
1000276,보문로31길,15959,7399,8560,1997,3215,2537,2482,2349,3379,1056,1376,1205,1211,1136,1415,941,1839,1332,1271,1213,1964,8212,554,7658
1000275,보문로26길,12252,5846,6406,1224,3257,1923,1636,1747,2465,643,1520,935,821,863,1064,581,1737,988,815,884,1401,6930,409,6521
1000274,보문로13길,18194,9028,9166,2202,2940,3082,2833,3135,4002,1142,1493,1622,1419,1523,1829,1060,1447,1460,1414,1612,2173,8692,328,8364
1000273,보국문로16길,22931,11292,11639,3896,3053,3307,4041,3445,5189,2064,1566,1668,2026,1702,2266,1832,1487,1639,2015,1743,2923,9581,2410,7171
1000272,동소문로6길,8220,3929,4291,919,1707,1398,1169,1171,1856,504,790,688,583,566,798,415,917,710,586,605,1058,4438,113,4325
1000271,동소문로2길,9269,4418,4851,1142,1868,1528,1434,1323,1974,629,854,739,707,634,855,513,1014,789,727,689,1119,4847,188,4659
1000270,동소문로26가길,13401,5879,7522,1403,3151,2212,1836,1898,2901,647,1118,1060,884,903,1267,756,2033,1152,952,995,1634,7236,679,6557
1000269,동소문로15길,13002,5866,7136,2052,2579,2034,2149,1731,2457,1018,962,945,1020,865,1056,1034,1617,1089,1129,866,1401,6404,1277,5127
1000268,동소문로13길,21024,9757,11267,3589,3631,2809,3495,3295,4205,1808,1569,1296,1623,1609,1852,1781,2062,1513,1872,1686,2353,8968,3676,5292
1000267,돌곶이로8길,14211,7115,7096,1807,1930,1686,2254,2566,3968,917,998,901,1163,1339,1797,890,932,785,1091,1227,2171,6478,1075,5403
1000266,돌곶이로41길,12673,6247,6426,2073,1675,1803,2076,2159,2887,1033,869,945,1035,1069,1296,1040,806,858,1041,1090,1591,5092,518,4574
1000265,돌곶이로28길,11058,5611,5447,1191,1527,1402,1768,2062,3108,609,749,755,921,1103,1474,582,778,647,847,959,1634,5553,315,5238
1000264,돌곶이로27길,13983,6921,7062,1758,1872,1741,2224,2477,3911,906,933,916,1172,1243,1751,852,939,825,1052,1234,2160,6277,218,6059
1000263,돌곶이로22길,13471,6780,6691,1464,1995,1739,2108,2494,3671,767,970,951,1102,1285,1705,697,1025,788,1006,1209,1966,6675,315,6360
1000262,돌곶이로14길,13791,6962,6829,1568,1985,1695,2095,2617,3831,830,1011,904,1111,1347,1759,738,974,791,984,1270,2072,6591,114,6477
1000261,길음로7길,13741,6483,7258,2503,1682,2278,2483,2070,2725,1240,790,1072,1217,965,1199,1263,892,1206,1266,1105,1526,5401,2635,2766
1000260,중랑천로10길,16223,8105,8118,2057,2287,2671,2588,2968,3652,974,1140,1415,1383,1548,1645,1083,1147,1256,1205,1420,2007,8036,1029,7007
1000259,용마산로94길,16213,8268,7945,2171,2255,2141,2525,3128,3993,1094,1205,1150,1303,1622,1894,1077,1050,991,1222,1506,2099,7443,553,6890
1000258,용마산로118길,18472,9420,9052,2511,2434,2543,2610,3649,4725,1244,1333,1335,1377,1853,2278,1267,1101,1208,1233,1796,2447,8376,2601,5775
1000257,용마산로112길,13302,6841,6461,1634,1770,1743,1913,2669,3573,822,955,941,1009,1373,1741,812,815,802,904,1296,1832,6323,1189,5134
1000256,용마산로100길,19730,10043,9687,2659,2710,2663,2995,3845,4858,1328,1444,1434,1565,1978,2294,1331,1266,1229,1430,1867,2564,9127,149,8978
1000255,신내로7가길,25677,12664,13013,4921,3508,3756,4134,4400,4958,2534,1822,1838,2059,2085,2326,2387,1686,1918,2075,2315,2632,9199,5280,3919
1000254,사가정로54길,20629,10232,10397,2306,3091,3277,3055,3716,5184,1187,1558,1708,1620,1773,2386,1119,1533,1569,1435,1943,2798,9980,1486,8494
1000253,사가정로42길,18089,9086,9003,2391,2498,2728,2904,3252,4316,1239,1262,1400,1521,1660,2004,1152,1236,1328,1383,1592,2312,8333,1366,6967
1000252,봉화산로56길,30609,14994,15615,5320,4197,4412,4537,5432,6711,2710,2126,2196,2267,2504,3191,2610,2071,2216,2270,2928,3520,11163,7352,3811
1000251,봉화산로4길,20783,10701,10082,2051,2912,2983,2996,4322,5519,1104,1478,1600,1575,2296,2648,947,1434,1383,1421,2026,2871,10721,133,10588
1000250,봉화산로30길,21917,10837,11080,2973,3351,3718,3049,3863,4963,1518,1642,1970,1565,1875,2267,1455,1709,1748,1484,1988,2696,9785,499,9286
1000249,봉우재로33길,15992,7868,8124,1600,2700,3076,2258,2740,3618,796,1273,1634,1178,1324,1663,804,1427,1442,1080,1416,1955,8407,254,8153
1000248,면목로78길,24617,12223,12394,2800,3736,4136,3580,4512,5853,1374,1833,2259,1855,2227,2675,1426,1903,1877,1725,2285,3178,12240,497,11743
1000247,면목로56길,22193,11034,11159,2526,3385,3532,3412,4136,5202,1308,1711,1898,1747,1999,2371,1218,1674,1634,1665,2137,2831,10970,151,10819
1000246,면목로55길,18156,9107,9049,2348,2542,2896,2894,3307,4169,1212,1305,1514,1501,1632,1943,1136,1237,1382,1393,1675,2226,8649,292,8357
1000245,면목로49길,17219,8665,8554,2066,2488,2659,2723,3098,4185,1070,1267,1403,1445,1549,1931,996,1221,1256,1278,1549,2254,8441,428,8013
1000244,면목로48길,19841,9950,9891,2209,3010,3103,3008,3653,4858,1155,1535,1668,1592,1783,2217,1054,1475,1435,1416,1870,2641,9725,460,9265
1000243,면목로45길,15592,7793,7799,1646,2312,2424,2440,2794,3976,852,1134,1273,1322,1369,1843,794,1178,1151,1118,1425,2133,8004,493,7511
1000242,면목로33길,19630,9779,9851,2621,2881,2888,3119,3464,4657,1371,1359,1498,1645,1767,2139,1250,1522,1390,1474,1697,2518,9116,1551,7565
1000241,면목로21길,14924,7469,7455,2008,2285,2373,2388,2641,3229,1032,1085,1254,1255,1375,1468,976,1200,1119,1133,1266,1761,7060,882,6178
1000240,망우로73길,12478,6376,6102,1663,1611,1718,1757,2423,3306,831,875,906,927,1239,1598,832,736,812,830,1184,1708,5689,1733,3956
1000239,망우로68길,18144,9308,8836,2204,2403,2423,2538,3622,4954,1107,1291,1298,1353,1873,2386,1097,1112,1125,1185,1749,2568,8747,464,8283
1000238,동일로163길,17981,8867,9114,2468,2587,3115,2768,2935,4108,1264,1266,1629,1397,1441,1870,1204,1321,1486,1371,1494,2238,8214,1421,6793
1000237,동일로157길,27934,13774,14160,3689,4133,5008,4275,4561,6268,1932,2003,2608,2165,2195,2871,1757,2130,2400,2110,2366,3397,12767,1716,11051
1000236,동일로149길,14898,7461,7437,1918,2177,2427,2270,2584,3522,981,1068,1322,1179,1260,1651,937,1109,1105,1091,1324,1871,6927,749,6178
1000235,동일로140길,16965,8490,8475,2231,2486,2703,2405,3153,3987,1157,1266,1398,1253,1552,1864,1074,1220,1305,1152,1601,2123,7563,863,6700
1000234,동일로139길,15066,7630,7436,1640,2118,2288,2252,2879,3889,868,1050,1204,1177,1480,1851,772,1068,1084,1075,1399,2038,7459,391,7068
1000233,동일로139가길,19354,9724,9630,2288,2830,3183,2842,3573,4638,1192,1394,1673,1483,1815,2167,1096,1436,1510,1359,1758,2471,9356,493,8863
1000232,동일로130길,22903,11422,11481,3107,3441,3792,3189,4102,5272,1610,1726,2016,1630,1967,2473,1497,1715,1776,1559,2135,2799,10087,421,9666
1000231,동일로123길,23991,12178,11813,2744,3418,3762,3398,4663,6006,1433,1727,2004,1774,2384,2856,1311,1691,1758,1624,2279,3150,11539,298,11241
1000230,동일로112길,24427,12171,12256,2757,3919,4716,3504,4243,5288,1420,1864,2492,1831,2093,2471,1337,2055,2224,1673,2150,2817,12442,274,12168
1000229,동일로101길,21430,10736,10694,2906,2873,3169,3472,4089,4921,1450,1482,1691,1827,2070,2216,1456,1391,1478,1645,2019,2705,10124,1706,8418
1000228,동일로100길,24431,12370,12061,2939,3499,3847,3687,4727,5732,1505,1799,2039,1955,2402,2670,1434,1700,1808,1732,2325,3062,12016,749,11267
1000227,답십리로75길,15741,8003,7738,2330,2040,2483,2657,2750,3481,1209,1047,1295,1411,1433,1608,1121,993,1188,1246,1317,1873,7101,1248,5853
1000226,공릉로2길,20852,10191,10661,2624,3045,3822,3193,3344,4824,1356,1445,1983,1612,1588,2207,1268,1600,1839,1581,1756,2617,9531,1614,7917
1000225,공릉로12가길,14911,7374,7537,2952,1965,2246,2686,2251,2811,1496,968,1121,1373,1118,1298,1456,997,1125,1313,1133,1513,5890,2149,3741
1000224,겸재로54길,28921,14432,14489,3350,4464,4634,4435,5391,6647,1700,2224,2482,2277,2679,3070,1650,2240,2152,2158,2712,3577,14288,131,14157
1000223,겸재로36길,23761,11903,11858,3034,3513,3917,3751,4306,5240,1543,1804,2005,1944,2153,2454,1491,1709,1912,1807,2153,2786,11494,745,10749
1000222,겸재로29길,20758,10322,10436,2313,3222,3421,3110,3808,4884,1161,1585,1797,1617,1902,2260,1152,1637,1624,1493,1906,2624,10621,777,9844
1000221,휘경로3길,20710,10391,10319,2283,3633,2900,3135,3375,5384,1163,1858,1590,1674,1720,2386,1120,1775,1310,1461,1655,2998,10739,732,10007
1000220,휘경로2길,13079,6562,6517,1461,2968,1860,1888,1951,2951,735,1519,1010,993,998,1307,726,1449,850,895,953,1644,7159,553,6606
1000219,휘경로23길,16571,8276,8295,1940,2390,2252,2644,2828,4517,1004,1257,1196,1391,1436,1992,936,1133,1056,1253,1392,2525,7992,1410,6582
1000218,휘경로14길,15360,7713,7647,1901,2499,2101,2408,2535,3916,984,1308,1132,1233,1284,1772,917,1191,969,1175,1251,2144,7425,1569,5856
1000217,한천로46길,15591,7482,8109,2685,1989,2056,2666,2606,3589,1308,970,1047,1241,1279,1637,1377,1019,1009,1425,1327,1952,5892,3693,2199
1000216,한천로40길,14717,7314,7403,2063,1951,2006,2355,2593,3749,1045,1018,1056,1178,1282,1735,1018,933,950,1177,1311,2014,6422,1649,4773
1000215,한천로33길,15821,7797,8024,2395,2047,2130,2626,2720,3903,1198,1063,1118,1308,1326,1784,1197,984,1012,1318,1394,2119,6617,2924,3693
1000214,한천로14길,21353,10851,10502,2510,2994,3612,3306,3736,5195,1307,1487,1941,1785,1883,2448,1203,1507,1671,1521,1853,2747,10476,1625,8851
1000213,천호대로97길,9727,4968,4759,1491,1380,1776,1593,1463,2024,761,675,929,856,743,1004,730,705,847,737,720,1020,4295,1207,3088
1000212,천호대로77길,10299,5355,4944,1112,1553,1701,1559,1873,2501,589,787,916,860,984,1219,523,766,785,699,889,1282,5196,545,4651
1000211,천호대로45길,10539,5484,5055,1105,1651,1528,1416,1757,3082,581,843,834,789,976,1461,524,808,694,627,781,1621,5540,986,4554
1000210,천호대로17길,15990,7925,8065,1872,2697,2812,2445,2551,3613,969,1304,1426,1287,1282,1657,903,1393,1386,1158,1269,1956,8057,1202,6855
1000209,천호대로12길,10913,5389,5524,1709,1605,1724,1740,1879,2256,870,825,850,876,907,1061,839,780,874,864,972,1195,4447,587,3860
1000208,천장산로7길,7031,3601,3430,831,2017,848,885,919,1531,448,1104,472,445,455,677,383,913,376,440,464,854,3959,366,3593
1000207,제기로5길,8323,4362,3961,857,1589,1266,1084,1257,2270,445,881,747,596,645,1048,412,708,519,488,612,1222,4434,817,3617
1000206,제기로21길,13276,6703,6573,1338,1763,1780,1695,2298,4402,667,958,1015,916,1157,1990,671,805,765,779,1141,2412,6738,1396,5342
1000205,전농로4길,18354,9132,9222,2181,2544,2584,2788,3364,4893,1092,1274,1344,1474,1705,2243,1089,1270,1240,1314,1659,2650,8717,2300,6417
1000204,전농로3길,20188,9860,10328,3257,2797,3166,3263,3262,4443,1611,1400,1538,1673,1609,2029,1646,1397,1628,1590,1653,2414,8601,2630,5971
1000203,전농로29길,14738,7274,7464,1908,2229,1972,2225,2641,3763,941,1151,1082,1134,1295,1671,967,1078,890,1091,1346,2092,6903,1323,5580
1000202,장한로8길,11768,6004,5764,1656,1751,2176,1865,1825,2495,865,839,1143,1001,926,1230,791,912,1033,864,899,1265,5401,1220,4181
1000201,장한로5길,15649,8066,7583,1860,2071,2424,2397,2877,4020,993,1072,1281,1303,1482,1935,867,999,1143,1094,1395,2085,7536,846,6690
1000200,장한로27길,13481,6837,6644,1835,1831,2097,2189,2365,3164,974,944,1123,1143,1174,1479,861,887,974,1046,1191,1685,6054,1468,4586
1000199,장한로27가길,13601,6925,6676,2118,1576,2042,2405,2237,3223,1121,848,1057,1267,1119,1513,997,728,985,1138,1118,1710,6048,1260,4788
1000198,장한로26길,17410,8545,8865,3256,2157,3069,3243,2349,3336,1705,1021,1471,1672,1150,1526,1551,1136,1598,1571,1199,1810,7170,2446,4724
1000197,장한로26가길,19596,9751,9845,2911,2630,3685,3369,2898,4103,1484,1258,1860,1765,1436,1948,1427,1372,1825,1604,1462,2155,8926,1850,7076
1000196,장한로25길,14359,7250,7109,1767,2220,2583,2319,2473,2997,939,1076,1397,1206,1242,1390,828,1144,1186,1113,1231,1607,6987,1459,5528
1000195,장한로14길,13868,6947,6921,2096,1655,2513,2286,2160,3158,1066,841,1269,1189,1069,1513,1030,814,1244,1097,1091,1645,5968,1591,4377
1000194,이문로42길,22145,11010,11135,2833,3314,3145,3453,3757,5643,1484,1679,1640,1811,1902,2494,1349,1635,1505,1642,1855,3149,10532,2411,8121
1000193,왕산로43길,18910,9582,9328,2036,2599,2435,2582,3447,5811,1039,1370,1337,1398,1765,2673,997,1229,1098,1184,1682,3138,9197,2644,6553
1000192,왕산로33길,6843,3541,3302,527,843,855,850,1267,2501,259,432,463,492,697,1198,268,411,392,358,570,1303,3631,802,2829
1000191,왕산로32길,8095,4253,3842,723,1340,1179,1036,1352,2465,377,686,656,588,754,1192,346,654,523,448,598,1273,4540,258,4282
1000190,약령시로17길,13229,6662,6567,1165,1531,1613,1672,2382,4866,591,812,891,932,1250,2186,574,719,722,740,1132,2680,6786,1225,5561
1000189,서울시립대로4길,20649,10309,10340,3271,2477,3706,3297,3229,4669,1692,1211,1843,1724,1661,2178,1579,1266,1863,1573,1568,2491,9273,3331,5942
1000188,서울시립대로29길,15105,7707,7398,1640,3501,2239,1897,2186,3642,819,1845,1269,1030,1086,1658,821,1656,970,867,1100,1984,8243,521,7722
1000187,서울시립대로16길,16793,8337,8456,2504,2372,2399,2646,2857,4015,1262,1250,1253,1370,1395,1807,1242,1122,1146,1276,1462,2208,7508,1794,5714
1000186,사가정로2길,17966,8822,9144,2383,2903,3172,2731,2979,3798,1208,1359,1561,1440,1497,1757,1175,1544,1611,1291,1482,2041,8541,2942,5599
1000185,사가정로23가길,17608,8564,9044,2810,2293,2293,3000,2995,4217,1416,1124,1175,1432,1474,1943,1394,1169,1118,1568,1521,2274,7137,2824,4313
1000184,사가정로13길,17429,8456,8973,2859,2188,2160,2788,3019,4415,1417,1184,1073,1353,1486,1943,1442,1004,1087,1435,1533,2472,7042,3961,3081
1000183,무학로45길,8498,4623,3875,876,1995,1412,1120,1258,1837,450,1177,817,610,662,907,426,818,595,510,596,930,4863,537,4326
1000182,무학로16길,14061,6954,7107,2067,1984,2087,2086,2514,3323,1088,1026,1053,1048,1207,1532,979,958,1034,1038,1307,1791,5689,1442,4247
1000181,망우로21길,15620,7805,7815,1855,3868,2340,2150,2142,3265,962,1959,1260,1068,1085,1471,893,1909,1080,1082,1057,1794,8359,1064,7295
1000180,망우로18길,11651,5897,5754,1267,3486,1694,1400,1465,2339,623,1852,936,715,714,1057,644,1634,758,685,751,1282,6604,393,6211
1000179,망우로18가길,9239,4736,4503,970,2947,1300,1055,1135,1832,495,1587,730,550,543,831,475,1360,570,505,592,1001,5375,0,5375
1000178,답십리로72길,19893,9795,10098,3378,2527,3587,3551,2728,4122,1723,1199,1760,1849,1332,1932,1655,1328,1827,1702,1396,2190,8407,2166,6241
1000177,답십리로69길,16686,8424,8262,3487,1673,2696,3214,2333,3283,1896,900,1289,1638,1165,1536,1591,773,1407,1576,1168,1747,6489,3367,3122
1000176,답십리로68길,18807,9527,9280,2311,2674,3558,3057,3107,4100,1209,1293,1897,1636,1559,1933,1102,1381,1661,1421,1548,2167,9384,1160,8224
1000175,답십리로64길,20285,10208,10077,2387,2969,3467,3148,3645,4669,1259,1436,1861,1658,1824,2170,1128,1533,1606,1490,1821,2499,9872,2128,7744
1000174,답십리로63길,13069,6590,6479,1823,1685,1835,2223,2293,3210,933,891,961,1151,1150,1504,890,794,874,1072,1143,1706,5844,1672,4172
1000173,답십리로60길,19365,9683,9682,2448,2456,2689,2889,3710,5173,1252,1271,1464,1509,1850,2337,1196,1185,1225,1380,1860,2836,8785,3160,5625
1000172,답십리로56길,22875,11206,11669,3225,3062,3071,3536,4112,5869,1629,1556,1571,1775,2011,2664,1596,1506,1500,1761,2101,3205,9804,4117,5687
1000171,답십리로23길,18992,9451,9541,3017,2471,2950,3043,3123,4388,1549,1234,1490,1563,1563,2052,1468,1237,1460,1480,1560,2336,8410,2869,5541
1000170,난계로30길,8950,4491,4459,1152,1603,1853,1393,1303,1646,599,702,910,724,706,850,553,901,943,669,597,796,4837,1360,3477
1000169,경희대로4길,10347,4953,5394,1106,3434,1620,1254,1105,1828,519,1613,835,648,557,781,587,1821,785,606,548,1047,6525,627,5898
1000168,경희대로3길,7949,3826,4123,1010,2205,1289,1063,870,1512,488,1069,651,559,435,624,522,1136,638,504,435,888,4546,792,3754
1000167,천호대로129길,26977,13029,13948,3961,3863,4432,4239,4609,5873,2037,1911,2210,2081,2183,2607,1924,1952,2222,2158,2426,3266,11472,234,11238
1000166,천호대로123길,24263,11576,12687,3225,3806,4481,3611,4069,5071,1708,1774,2165,1768,1874,2287,1517,2032,2316,1843,2195,2784,11046,103,10943
1000165,천호대로109길,23117,11058,12059,2822,4162,4782,3301,3507,4543,1494,1865,2291,1645,1639,2124,1328,2297,2491,1656,1868,2419,11491,344,11147
1000164,자양번영로3길,18980,9312,9668,3459,2640,3098,3156,3124,3503,1775,1334,1475,1551,1562,1615,1684,1306,1623,1605,1562,1888,7391,2568,4823
1000163,자양로53길,23558,11443,12115,3281,3483,3775,3597,4186,5236,1721,1747,1875,1798,1981,2321,1560,1736,1900,1799,2205,2915,10216,141,10075
1000162,자양로50길,20109,9707,10402,3187,2826,3165,3228,3383,4320,1614,1415,1594,1587,1568,1929,1573,1411,1571,1641,1815,2391,8229,232,7997
1000161,자양로45길,20315,9736,10579,2781,3094,3618,3003,3460,4359,1473,1470,1756,1486,1605,1946,1308,1624,1862,1517,1855,2413,8925,119,8806
1000160,자양로26길,26478,12532,13946,3154,5192,5187,4105,3974,4866,1557,2382,2532,2036,1899,2126,1597,2810,2655,2069,2075,2740,13302,298,13004
1000159,자양로15길,18420,8872,9548,2194,3481,3521,2792,2908,3524,1141,1599,1731,1414,1418,1569,1053,1882,1790,1378,1490,1955,9451,52,9399
1000158,자양로11길,20416,9779,10637,2542,3555,3910,3093,3219,4097,1313,1641,1917,1538,1550,1820,1229,1914,1993,1555,1669,2277,10225,92,10133
1000157,용마산로3길,21097,10064,11033,2810,3659,4221,3057,3336,4014,1483,1648,2051,1496,1539,1847,1327,2011,2170,1561,1797,2167,9933,319,9614
1000156,용마산로21길,25830,12702,13128,3466,4102,4455,3883,4555,5369,1780,2038,2305,1916,2157,2506,1686,2064,2150,1967,2398,2863,11655,49,11606
1000155,아차산로78길,12956,6231,6725,2391,1799,1712,2236,2155,2663,1187,885,810,1024,1049,1276,1204,914,902,1212,1106,1387,4875,2171,2704
1000154,아차산로65길,24029,11620,12409,4552,3693,3595,4556,3693,3940,2237,1821,1751,2168,1865,1778,2315,1872,1844,2388,1828,2162,9711,2280,7431
1000153,아차산로55길,19616,9272,10344,2074,4034,4116,2926,2837,3629,1023,1795,2015,1463,1369,1607,1051,2239,2101,1463,1468,2022,10452,120,10332
1000152,아차산로51길,15951,7506,8445,1786,3378,3196,2456,2380,2755,913,1478,1532,1216,1144,1223,873,1900,1664,1240,1236,1532,8428,223,8205
1000151,아차산로40길,22682,10969,11713,3124,4164,4226,3466,3551,4151,1625,1962,2117,1704,1715,1846,1499,2202,2109,1762,1836,2305,10683,1167,9516
1000150,면목로17길,18960,9554,9406,2352,2810,3185,2943,3440,4230,1227,1433,1703,1523,1733,1935,1125,1377,1482,1420,1707,2295,9181,673,8508
1000149,뚝섬로64길,10569,5160,5409,1337,1809,1973,1476,1729,2245,700,888,1019,692,798,1063,637,921,954,784,931,1182,4718,658,4060
1000148,뚝섬로58길,20031,9779,10252,3161,2926,3364,3213,3305,4062,1653,1463,1683,1542,1570,1868,1508,1463,1681,1671,1735,2194,8475,1101,7374
1000147,뚝섬로54길,20689,10152,10537,3339,2906,3541,3497,3378,4028,1764,1481,1741,1708,1605,1853,1575,1425,1800,1789,1773,2175,8528,1223,7305
1000146,뚝섬로48길,21087,10371,10716,3239,3126,3697,3465,3437,4123,1724,1583,1832,1713,1657,1862,1515,1543,1865,1752,1780,2261,9037,1464,7573
1000145,뚝섬로24길,13826,6978,6848,1425,1834,2093,2054,2669,3751,730,951,1106,1104,1376,1711,695,883,987,950,1293,2040,6940,654,6286
1000144,뚝섬로23길,16748,8333,8415,1786,2395,2516,2497,2984,4570,884,1180,1318,1299,1566,2086,902,1215,1198,1198,1418,2484,8687,757,7930
1000143,동일로24길,13730,6574,7156,986,4545,2742,1608,1597,2252,504,1907,1419,880,826,1038,482,2638,1323,728,771,1214,8951,397,8554
1000142,동일로18길,14235,7104,7131,1427,2429,2350,1993,2362,3674,721,1124,1240,1081,1237,1701,706,1305,1110,912,1125,1973,7644,772,6872
1000141,능동로4길,22402,10859,11543,3976,3009,3494,3757,3835,4331,2012,1486,1558,1876,1843,2084,1964,1523,1936,1881,1992,2247,8543,2181,6362
1000140,능동로3길,22114,10748,11366,3249,3022,3614,3469,3948,4812,1622,1493,1708,1765,1898,2262,1627,1529,1906,1704,2050,2550,9425,1473,7952
1000139,능동로34길,19799,9275,10524,2395,3716,4469,2791,2747,3681,1261,1578,2101,1403,1266,1666,1134,2138,2368,1388,1481,2015,10084,251,9833
1000138,능동로19길,13816,6667,7149,845,5477,2717,1388,1372,2017,384,2437,1420,769,738,919,461,3040,1297,619,634,1098,9957,126,9831
1000137,능동로13길,19517,9362,10155,1277,7512,3875,2059,1952,2842,622,3256,2014,1124,1055,1291,655,4256,1861,935,897,1551,13762,423,13339
1000136,긴고랑로9길,22011,10818,11193,2723,3423,3929,3253,3827,4856,1398,1656,2063,1636,1831,2234,1325,1767,1866,1617,1996,2622,10610,52,10558
1000135,긴고랑로8길,16349,8068,8281,1853,2665,3247,2434,2673,3477,983,1256,1646,1243,1310,1630,870,1409,1601,1191,1363,1847,8064,77,7987
1000134,긴고랑로7길,22979,11451,11528,2799,3524,4053,3468,4041,5094,1463,1753,2163,1752,1983,2337,1336,1771,1890,1716,2058,2757,11167,259,10908
1000133,긴고랑로20길,30766,14962,15804,4011,4966,5554,4590,5204,6441,2081,2422,2777,2256,2465,2961,1930,2544,2777,2334,2739,3480,14272,335,13937
1000132,광나루로52길,24763,11861,12902,3860,4213,4234,4253,3827,4376,1856,2054,2091,2042,1868,1950,2004,2159,2143,2211,1959,2426,10906,1757,9149
1000131,광나루로40길,19408,9306,10102,2465,3414,3539,3026,3010,3954,1207,1645,1764,1514,1452,1724,1258,1769,1775,1512,1558,2230,9341,219,9122
1000130,광나루로37길,12645,6220,6425,1772,1874,2072,2026,2063,2838,872,945,1063,1044,1036,1260,900,929,1009,982,1027,1578,5950,16,5934
1000129,광나루로36길,17274,8363,8911,2219,3076,3164,2713,2666,3436,1104,1487,1595,1351,1319,1507,1115,1589,1569,1362,1347,1929,8363,166,8197
1000128,광나루로24길,4773,2321,2452,259,1966,924,451,473,700,107,910,471,266,253,314,152,1056,453,185,220,386,3488,0,3488
1000127,광나루로12길,16207,8014,8193,1191,5679,3005,1804,1911,2617,574,2569,1597,999,1063,1212,617,3110,1408,805,848,1405,11036,261,10775
1000126,한림말길,16031,7479,8552,2616,1947,2740,2608,2524,3596,1306,908,1248,1243,1190,1584,1310,1039,1492,1365,1334,2012,6515,4374,2141
1000125,한림말3길,17723,8357,9366,3078,2023,3451,3015,2554,3602,1555,948,1555,1504,1228,1567,1523,1075,1896,1511,1326,2035,7139,5131,2008
1000124,청계천로10나길,15765,7779,7986,2116,2274,2318,2311,2777,3969,1108,1150,1193,1177,1355,1796,1008,1124,1125,1134,1422,2173,6784,1792,4992
1000123,장터길,25797,12346,13451,3731,3301,4718,4183,4068,5796,1905,1686,2226,2081,1965,2483,1826,1615,2492,2102,2103,3313,10913,4347,6566
1000122,용답중앙길,13150,6614,6536,1380,2308,2101,1952,2285,3124,722,1102,1100,1027,1206,1457,658,1206,1001,925,1079,1667,6805,307,6498
1000121,용답29길,18339,9352,8987,1948,3004,2848,2890,3302,4347,973,1429,1503,1569,1823,2055,975,1575,1345,1321,1479,2292,9672,450,9222
1000120,왕십리로6길,13354,6643,6711,1835,2066,2436,2175,2096,2746,945,1024,1202,1083,1067,1322,890,1042,1234,1092,1029,1424,6259,1511,4748
1000119,왕십리로31길,23671,11447,12224,3229,4026,4428,3508,3874,4606,1609,1897,2199,1739,1943,2060,1620,2129,2229,1769,1931,2546,10913,1237,9676
1000118,왕십리로26길,17626,8590,9036,2056,3629,3074,2554,2904,3409,1051,1647,1557,1290,1465,1580,1005,1982,1517,1264,1439,1829,8877,787,8090
1000117,왕십리로21길,21322,10194,11128,3230,3306,3478,3458,3666,4184,1600,1726,1610,1676,1699,1883,1630,1580,1868,1782,1967,2301,9290,2173,7117
1000116,왕십리로14길,13028,6521,6507,1771,2107,2393,2047,2089,2621,899,1041,1214,1061,1062,1244,872,1066,1179,986,1027,1377,6134,1655,4479
1000115,아차산로5길,10887,5478,5409,1292,1825,2046,1568,1751,2405,674,884,1033,809,922,1156,618,941,1013,759,829,1249,5179,1702,3477
1000114,아차산로15길,8980,4574,4406,833,2504,1782,1187,1192,1482,436,1099,956,705,665,713,397,1405,826,482,527,769,5517,438,5079
1000113,아차산로11길,5580,2804,2776,675,863,1008,771,916,1347,337,402,520,411,464,670,338,461,488,360,452,677,2513,1289,1224
1000112,송정4가길,11431,5966,5465,1077,2832,1993,1529,1802,2198,556,1376,1099,872,1018,1045,521,1456,894,657,784,1153,6775,58,6717
1000111,송정12라길,11894,6210,5684,1304,2311,1904,1727,2078,2570,680,1157,1048,962,1172,1191,624,1154,856,765,906,1379,6427,342,6085
1000110,성수일로6길,10000,5082,4918,1385,1522,1679,1614,1666,2134,689,741,852,825,909,1066,696,781,827,789,757,1068,4729,1579,3150
1000109,성수이로7길,7982,4155,3827,936,1225,1285,1251,1475,1810,449,615,703,669,825,894,487,610,582,582,650,916,4117,910,3207
1000108,성수이로18길,7170,3805,3365,708,1255,1286,1043,1264,1614,358,577,736,602,707,825,350,678,550,441,557,789,3970,237,3733
1000107,성덕정길,15687,7941,7746,2267,2394,2740,2525,2897,2864,1126,1287,1399,1237,1551,1341,1141,1107,1341,1288,1346,1523,7050,1656,5394
1000106,성덕정17길,16790,8763,8027,1921,2361,2564,2504,3374,4066,974,1242,1407,1368,1827,1945,947,1119,1157,1136,1547,2121,8270,1191,7079
1000105,서울숲2길,7158,3545,3613,830,1213,1363,1084,1125,1543,441,591,680,561,564,708,389,622,683,523,561,835,3596,718,2878
1000104,상원길,13669,6852,6817,1912,2237,2606,2216,2115,2583,1002,1099,1322,1118,1071,1240,910,1138,1284,1098,1044,1343,6269,1830,4439
1000103,상원12길,9982,4993,4989,1418,1586,1946,1602,1542,1888,730,770,981,817,780,915,688,816,965,785,762,973,4544,1618,2926
1000102,사근동길,9957,5171,4786,1028,3604,1377,1067,1033,1848,499,1986,800,555,511,820,529,1618,577,512,522,1028,6355,513,5842
1000101,무학봉길,24551,11896,12655,3929,3677,3959,4161,3944,4881,1955,1798,1993,2022,1949,2179,1974,1879,1966,2139,1995,2702,10351,2297,8054
1000100,무학봉28길,13212,6517,6695,1493,2702,1919,1980,2250,2868,764,1274,1005,991,1167,1316,729,1428,914,989,1083,1552,7060,315,6745
1000099,무학로6길,18638,9101,9537,2448,3429,3119,2718,3132,3792,1262,1602,1547,1369,1537,1784,1186,1827,1572,1349,1595,2008,8570,1481,7089
1000098,무수막길,19352,9281,10071,3002,2445,3782,3227,2911,3985,1515,1192,1787,1644,1413,1730,1487,1253,1995,1583,1498,2255,8415,1266,7149
1000097,매봉길,32574,15352,17222,5004,3847,6329,5255,4868,7271,2531,1912,2924,2589,2262,3134,2473,1935,3405,2666,2606,4137,13325,9033,4292
1000096,마조로1길,9316,4583,4733,873,3602,1433,801,1067,1540,457,1760,748,399,497,722,416,1842,685,402,570,818,5903,185,5718
1000095,마조로16길,16433,8211,8222,2008,3576,2287,2285,2561,3716,1019,1780,1229,1155,1301,1727,989,1796,1058,1130,1260,1989,8296,1442,6854
1000094,마장로39길,13170,6505,6665,1962,2207,1985,2009,2099,2908,1006,1085,1007,1005,1040,1362,956,1122,978,1004,1059,1546,5594,2385,3209
1000093,마장로27길,14780,7336,7444,1788,2421,2222,2093,2579,3677,935,1209,1150,1093,1285,1664,853,1212,1072,1000,1294,2013,6834,1848,4986
1000092,뚝섬로5길,11056,5672,5384,1467,1706,1922,1848,1892,2221,723,878,1000,946,1058,1067,744,828,922,902,834,1154,5542,1028,4514
1000091,둘레9길,15403,8059,7344,1856,2361,2361,2362,3135,3328,964,1269,1279,1243,1739,1565,892,1092,1082,1119,1396,1763,7544,1297,6247
1000090,금호산길,24553,11734,12819,3411,3131,4591,3925,3826,5669,1730,1534,2214,1992,1825,2439,1681,1597,2377,1933,2001,3230,10812,2444,8368
1000089,금호산2길,19699,9480,10219,2898,2437,3453,3304,3099,4508,1464,1245,1669,1666,1506,1930,1434,1192,1784,1638,1593,2578,8650,2524,6126
1000088,고산자로6길,23581,11357,12224,3624,4068,4294,3675,3772,4148,1783,2177,1999,1825,1702,1871,1841,1891,2295,1850,2070,2277,10505,2603,7902
1000087,후암로28길,17280,8413,8867,2482,2420,2852,2815,2741,3970,1337,1222,1453,1406,1300,1695,1145,1198,1399,1409,1441,2275,8122,124,7998
1000086,효창원로39길,18790,9072,9718,2940,2611,3271,3055,2886,4027,1487,1268,1665,1515,1422,1715,1453,1343,1606,1540,1464,2312,7935,632,7303
1000085,회나무로13길,10174,4717,5457,1129,1446,1844,1595,1483,2677,570,741,901,749,659,1097,559,705,943,846,824,1580,5311,63,5248
1000084,한남대로20길,5098,2430,2668,647,698,1064,918,701,1070,353,314,515,417,337,494,294,384,549,501,364,576,2672,0,2672
1000083,한강대로88길,3937,2173,1764,270,548,510,592,699,1318,141,256,274,359,464,679,129,292,236,233,235,639,2744,0,2744
1000082,한강대로7길,7129,3522,3607,923,870,1209,1047,1137,1943,501,452,659,511,552,847,422,418,550,536,585,1096,3201,356,2845
1000081,한강대로62길,4600,2292,2308,393,718,1033,643,691,1122,227,337,503,335,366,524,166,381,530,308,325,598,2709,35,2674
1000080,한강대로52길,4464,2225,2239,374,716,1050,638,669,1017,220,336,524,339,353,453,154,380,526,299,316,564,2805,35,2770
1000079,한강대로43길,5566,2698,2868,470,977,1334,824,833,1128,269,427,645,424,422,511,201,550,689,400,411,617,3376,35,3341
1000078,한강대로15길,3644,1813,1831,360,535,745,541,558,905,188,257,394,277,285,412,172,278,351,264,273,493,2022,52,1970
1000077,한강대로104길,16093,8770,7323,1848,2055,2367,2548,3095,4180,1003,1054,1220,1419,1889,2185,845,1001,1147,1129,1206,1995,8991,141,8850
1000076,청파로73길,12315,6350,5965,1446,1941,1970,2021,2161,2776,769,1033,1092,1064,1135,1257,677,908,878,957,1026,1519,6328,162,6166
1000075,청파로71길,19669,9926,9743,2336,3451,2974,3190,3405,4313,1225,1696,1649,1641,1782,1933,1111,1755,1325,1549,1623,2380,9849,312,9537
1000074,청파로47나길,14254,6868,7386,1585,2804,2245,2189,2215,3216,828,1180,1187,1090,1141,1442,757,1624,1058,1099,1074,1774,7461,30,7431
1000073,청파로47길,10418,4676,5742,1047,2341,1781,1497,1415,2337,529,775,890,740,729,1013,518,1566,891,757,686,1324,5912,5,5907
1000072,장문로45길,18284,9084,9200,1827,2744,2922,2839,3156,4796,1004,1516,1610,1421,1493,2040,823,1228,1312,1418,1663,2756,9552,92,9460
1000071,이태원로54길,7198,3455,3743,669,944,1514,1214,1070,1787,351,440,782,625,505,752,318,504,732,589,565,1035,4348,46,4302
1000070,이태원로27길,9038,4373,4665,899,1312,1594,1347,1406,2480,459,675,841,687,662,1049,440,637,753,660,744,1431,5111,46,5065
1000069,이촌로22길,8788,4183,4605,1211,978,1509,1304,1411,2375,636,473,779,649,657,989,575,505,730,655,754,1386,3773,523,3250
1000068,원효로89길,10436,4959,5477,1262,1984,2221,1672,1345,1952,651,736,1114,871,693,894,611,1248,1107,801,652,1058,5612,55,5557
1000067,원효로53길,13258,6545,6713,1747,2004,2646,2048,1825,2988,917,960,1380,1096,896,1296,830,1044,1266,952,929,1692,6585,162,6423
1000066,원효로41길,13007,6277,6730,1914,1728,2020,2164,2000,3181,941,892,1048,1080,984,1332,973,836,972,1084,1016,1849,5784,101,5683
1000065,원효로19길,14138,6649,7489,2457,1840,2173,2467,2206,2995,1081,871,1071,1212,1119,1295,1376,969,1102,1255,1087,1700,5778,108,5670
1000064,우사단로4길,16069,7883,8186,1517,2472,2658,2415,2663,4344,802,1358,1464,1210,1288,1761,715,1114,1194,1205,1375,2583,8759,102,8657
1000063,우사단로14길,12088,5848,6240,1017,1739,2065,1873,1984,3410,532,934,1129,946,961,1346,485,805,936,927,1023,2064,7209,46,7163
1000062,우사단로10길,18833,9305,9528,1770,2711,3197,2883,3165,5107,966,1492,1770,1492,1525,2060,804,1219,1427,1391,1640,3047,10604,118,10486
1000061,신흥로20길,14714,7143,7571,1906,2184,2488,2273,2251,3612,998,1111,1290,1139,1043,1562,908,1073,1198,1134,1208,2050,7115,0,7115
1000060,소월로20길,11513,5547,5966,1297,1678,2003,1662,1756,3117,667,872,1038,808,809,1353,630,806,965,854,947,1764,5814,62,5752
1000059,서빙고로71길,10861,5320,5541,1981,1531,1359,2224,1733,2033,1000,788,672,1102,898,860,981,743,687,1122,835,1173,4484,225,4259
1000058,백범로90길,13181,6345,6836,1954,1951,3035,2132,1796,2313,1038,796,1429,1088,878,1116,916,1155,1606,1044,918,1197,6386,358,6028
1000057,백범로79길,15495,7359,8136,1978,2701,2966,2299,2232,3319,998,1179,1516,1164,1077,1425,980,1522,1450,1135,1155,1894,7551,132,7419
1000056,두텁바위로1길,16262,8437,7825,1841,2303,2487,2574,2833,4224,1001,1148,1289,1386,1615,1998,840,1155,1198,1188,1218,2226,8984,106,8878
1000055,대사관로34길,9880,4980,4900,1076,1420,1863,1554,1561,2406,583,737,1006,814,787,1053,493,683,857,740,774,1353,5159,198,4961
1000054,녹사평대로46길,6804,3203,3601,869,1038,1199,1098,945,1655,431,535,583,532,436,686,438,503,616,566,509,969,3383,24,3359
1000053,녹사평대로40나길,4280,2101,2179,498,692,798,653,577,1062,256,365,412,347,270,451,242,327,386,306,307,611,2248,0,2248
1000052,녹사평대로32길,5120,2453,2667,430,767,920,750,773,1480,217,404,496,395,373,568,213,363,424,355,400,912,3044,0,3044
1000051,녹사평대로26길,7307,3483,3824,631,1092,1212,1013,1180,2179,317,589,642,515,556,864,314,503,570,498,624,1315,4032,0,4032
1000050,녹사평대로11길,6361,3075,3286,1233,859,714,1334,1011,1210,597,423,348,663,548,496,636,436,366,671,463,714,2567,170,2397
1000049,퇴계로90길,22459,10946,11513,2961,3463,3993,3473,3752,4817,1460,1659,1977,1783,1914,2153,1501,1804,2016,1690,1838,2664,10417,2128,8289
1000048,퇴계로8길,4290,2155,2135,359,471,530,611,738,1581,170,212,303,326,395,749,189,259,227,285,343,832,2515,387,2128
1000047,퇴계로56길,5999,3109,2890,541,1050,864,816,956,1772,274,550,467,464,512,842,267,500,397,352,444,930,3544,92,3452
1000046,퇴계로46길,5740,3009,2731,587,1370,965,746,817,1255,302,733,527,426,435,586,285,637,438,320,382,669,3429,92,3337
1000045,퇴계로18길,3463,1669,1794,392,408,487,545,528,1103,200,200,258,277,263,471,192,208,229,268,265,632,1895,189,1706
1000044,퇴계로12길,4937,2421,2516,513,568,631,694,795,1736,243,263,337,358,411,809,270,305,294,336,384,927,2747,387,2360
1000043,청구로1길,17672,8486,9186,2502,2587,2879,2727,2931,4046,1253,1266,1395,1347,1429,1796,1249,1321,1484,1380,1502,2250,7670,1671,5999
1000042,청구로17길,11428,5514,5914,1353,2024,1822,1733,1883,2613,687,943,925,864,922,1173,666,1081,897,869,961,1440,5724,22,5702
1000041,장충단로8길,9718,4862,4856,992,1650,1408,1431,1635,2602,501,848,761,740,819,1193,491,802,647,691,816,1409,5123,92,5031
1000040,삼일대로4길,1955,821,1134,87,183,249,332,368,736,45,82,121,141,167,265,42,101,128,191,201,471,1080,37,1043
1000039,명동길,1426,532,894,51,122,189,253,277,534,27,49,88,95,112,161,24,73,101,158,165,373,703,0,703
1000038,동호로8길,15767,7490,8277,1688,2247,2304,2238,2691,4599,890,1098,1139,1130,1283,1950,798,1149,1165,1108,1408,2649,7574,1627,5947
1000037,동호로20길,10940,5363,5577,1225,2018,1712,1642,1780,2563,616,976,898,831,877,1165,609,1042,814,811,903,1398,5602,92,5510
1000036,동호로15길,12165,5778,6387,1399,1964,1947,1894,1870,3091,748,925,960,917,915,1313,651,1039,987,977,955,1778,5956,0,5956
1000035,동호로11길,16945,8140,8805,2176,2343,2755,2658,2662,4351,1124,1167,1365,1310,1295,1879,1052,1176,1390,1348,1367,2472,7620,1757,5863
1000034,동호로10길,16692,7981,8711,2130,2642,2794,2533,2694,3899,1081,1234,1406,1254,1300,1706,1049,1408,1388,1279,1394,2193,7757,189,7568
1000033,다산로39길,8801,4475,4326,870,1380,1300,1372,1656,2223,416,700,683,749,865,1062,454,680,617,623,791,1161,4708,264,4444
1000032,다산로38길,13196,6654,6542,1531,2015,1744,2084,2556,3266,771,1053,872,1148,1329,1481,760,962,872,936,1227,1785,6325,644,5681
1000031,다산로36길,19797,9615,10182,2977,2782,2812,3108,3553,4565,1493,1436,1354,1579,1738,2015,1484,1346,1458,1529,1815,2550,7957,3544,4413
1000030,다산로33길,12661,6393,6268,1288,2061,1799,1985,2264,3264,634,1033,976,1059,1180,1511,654,1028,823,926,1084,1753,6702,286,6416
1000029,난계로21길,15622,7531,8091,2174,2375,3435,2430,2247,2961,1088,1069,1680,1239,1116,1339,1086,1306,1755,1191,1131,1622,7485,2025,5460
1000028,난계로11길,16470,8027,8443,1870,2716,3195,2419,2671,3599,920,1218,1590,1283,1390,1626,950,1498,1605,1136,1281,1973,8683,50,8633
1000027,필운대로1길,10610,4833,5777,1798,1196,1584,1882,1619,2531,872,562,724,875,729,1071,926,634,860,1007,890,1460,4734,239,4495
1000026,평창길,8352,3927,4425,1369,1286,1010,1297,1481,1909,704,666,460,581,665,851,665,620,550,716,816,1058,3412,263,3149
1000025,통일로12길,13726,6438,7288,2263,1604,1728,2417,2236,3478,1096,772,829,1189,1104,1448,1167,832,899,1228,1132,2030,6028,2306,3722
1000024,창신길,15789,8183,7606,1709,2458,1725,2339,3337,4221,879,1364,981,1248,1772,1939,830,1094,744,1091,1565,2282,7700,346,7354
1000023,창신5길,12294,6343,5951,1276,1681,1338,1811,2647,3541,650,918,736,931,1434,1674,626,763,602,880,1213,1867,6114,626,5488
1000022,창신2길,10555,5637,4918,1005,1518,1084,1502,2245,3201,512,884,627,809,1240,1565,493,634,457,693,1005,1636,5593,130,5463
1000021,창경궁로35길,10127,4669,5458,1464,2245,1446,1583,1404,1985,723,1083,663,723,656,821,741,1162,783,860,748,1164,5155,652,4503
1000020,지봉로8길,16319,8284,8035,1959,2325,2388,2478,3139,4030,1012,1201,1286,1262,1637,1886,947,1124,1102,1216,1502,2144,7934,990,6944
1000019,종로65길,16702,8381,8321,1620,2902,2750,2490,2989,3951,820,1342,1456,1307,1542,1914,800,1560,1294,1183,1447,2037,9042,405,8637
1000018,종로58가길,6396,3292,3104,614,922,990,901,1187,1782,297,464,554,490,621,866,317,458,436,411,566,916,3509,1040,2469
1000017,종로24길,1585,1182,403,19,85,87,183,424,787,11,53,64,151,349,554,8,32,23,32,75,233,1361,79,1282
1000016,자하문로7길,8466,3892,4574,1317,1015,1282,1468,1253,2131,662,493,604,668,570,895,655,522,678,800,683,1236,4019,250,3769
1000015,이화장길,10044,4930,5114,938,2089,1520,1334,1685,2478,464,989,793,702,871,1111,474,1100,727,632,814,1367,5546,0,5546
1000014,율곡로16길,6512,3317,3195,580,1435,874,844,1139,1640,305,703,468,443,609,789,275,732,406,401,530,851,3891,0,3891
1000013,율곡로10길,2351,1461,890,150,247,299,362,478,815,75,141,189,226,336,494,75,106,110,136,142,321,1689,0,1689
1000012,옥인길,8372,3845,4527,1436,1031,1339,1461,1225,1880,698,488,632,660,573,794,738,543,707,801,652,1086,3616,287,3329
1000011,숭인동길,14441,7325,7116,1404,2594,2411,2167,2550,3315,706,1194,1259,1145,1359,1662,698,1400,1152,1022,1191,1653,8099,405,7694
1000010,성균관로5길,7228,3374,3854,872,2125,985,916,970,1360,430,1006,474,446,438,580,442,1119,511,470,532,780,4139,504,3635
1000009,삼청로5길,2755,1291,1464,339,336,417,381,458,824,186,159,198,198,201,349,153,177,219,183,257,475,1342,0,1342
1000008,북촌로5나길,2947,1382,1565,369,363,430,425,495,865,201,167,205,218,222,369,168,196,225,207,273,496,1417,0,1417
1000007,북촌로5길,3243,1499,1744,382,349,429,491,554,1038,204,168,194,243,261,429,178,181,235,248,293,609,1651,0,1651
1000006,북촌로11길,4731,2193,2538,606,531,625,776,772,1421,317,251,288,378,361,598,289,280,337,398,411,823,2261,0,2261
1000005,백석동길,6102,2958,3144,879,829,767,1000,1049,1578,489,473,349,457,493,697,390,356,418,543,556,881,2607,8,2599
1000004,명륜길,9137,4521,4616,1191,2399,1209,1236,1180,1922,571,1287,661,601,586,815,620,1112,548,635,594,1107,4910,257,4653
1000003,돈화문로11가길,3512,2033,1479,262,379,445,518,647,1261,143,211,253,302,421,703,119,168,192,216,226,558,2394,150,2244
1000002,난계로27길,11047,5624,5423,1216,1854,2372,1663,1638,2304,610,819,1181,883,931,1200,606,1035,1191,780,707,1104,6257,2285,3972
1000001,계동길,5455,2544,2911,761,643,750,959,895,1447,388,312,357,449,425,613,373,331,393,510,470,834,2517,0,2517