area_code,area_name,total,m,fm,age10,age20,age30,age40,age50,age60,남성연령대_10_직장_인구_수,남성연령대_20_직장_인구_수,남성연령대_30_직장_인구_수,남성연령대_40_직장_인구_수,남성연령대_50_직장_인구_수,남성연령대_60_이상_직장_인구_수,여성연령대_10_직장_인구_수,여성연령대_20_직장_인구_수,여성연령대_30_직장_인구_수,여성연령대_40_직장_인구_수,여성연령대_50_직장_인구_수,여성연령대_60_이상_직장_인구_수
1001010,풍성로37가길,3706,2049,1657,9,426,729,908,997,637,3,192,402,488,530,434,6,234,327,420,467,203
1001009,천호옛길,3670,1756,1914,10,569,810,856,840,585,3,227,385,408,389,344,7,342,425,448,451,241
1001008,천호옛14길,5097,2584,2513,15,753,1261,1272,993,803,2,273,705,683,468,453,13,480,556,589,525,350
1001007,천호대로219길,2109,1149,960,10,171,412,462,534,520,9,81,281,315,297,166,1,90,131,147,237,354
1001006,천호대로197길,1756,823,933,4,177,363,446,456,310,3,82,173,197,188,180,1,95,190,249,268,130
1001005,천호대로187길,6805,3359,3446,7,993,1608,1502,1554,1141,2,401,867,814,644,631,5,592,741,688,910,510
1001004,천호대로170길,7705,4327,3378,19,1012,1593,1551,1501,2029,11,377,913,907,813,1306,8,635,680,644,688,723
1001003,천호대로162길,4485,2544,1941,14,576,1203,1180,890,622,5,254,801,718,441,325,9,322,402,462,449,297
1001002,천중로51길,4122,2280,1842,10,455,833,1006,1070,748,6,158,487,573,617,439,4,297,346,433,453,309
1001001,천중로39길,5017,2670,2347,14,586,964,1159,1132,1162,7,209,513,617,585,739,7,377,451,542,547,423
1001000,진황도로47길,7227,3596,3631,6,1065,1718,1646,1607,1185,0,425,928,907,683,653,6,640,790,739,924,532
1000999,진황도로27길,7620,4093,3527,12,1025,1749,1664,1358,1812,3,308,891,938,722,1231,9,717,858,726,636,581
1000998,올림픽로98길,2920,1294,1626,3,234,502,626,639,916,3,75,226,303,229,458,0,159,276,323,410,458
1000997,올림픽로80길,2984,1420,1564,7,401,510,614,727,725,2,132,266,268,287,465,5,269,244,346,440,260
1000996,올림픽로78길,4167,1927,2240,10,863,922,837,705,830,1,261,473,390,274,528,9,602,449,447,431,302
1000995,올림픽로77길,5500,2704,2796,14,1043,1280,1160,987,1016,2,318,677,602,439,666,12,725,603,558,548,350
1000994,올림픽로71길,4800,2391,2409,13,914,1151,1022,782,918,1,281,606,538,367,598,12,633,545,484,415,320
1000993,올림픽로48길,15156,9181,5975,51,1819,3677,3678,3416,2515,25,865,2111,2231,2202,1747,26,954,1566,1447,1214,768
1000992,양재대로96길,3966,2313,1653,5,469,893,926,998,675,3,278,534,506,524,468,2,191,359,420,474,207
1000991,양재대로95길,5554,3340,2214,6,627,1163,1223,1384,1151,3,356,749,716,781,735,3,271,414,507,603,416
1000990,양재대로91길,4676,2671,2005,5,459,893,1100,1234,985,1,200,504,623,708,635,4,259,389,477,526,350
1000989,양재대로133길,3802,1636,2166,13,450,697,839,920,883,8,138,312,378,349,451,5,312,385,461,571,432
1000988,양재대로124길,3877,2170,1707,7,400,749,926,917,878,3,171,402,507,500,587,4,229,347,419,417,291
1000987,양재대로116길,2561,1428,1133,3,291,504,621,635,507,1,119,258,319,363,368,2,172,246,302,272,139
1000986,양재대로101길,8647,4540,4107,22,1387,1996,1824,1503,1915,11,460,981,1053,771,1264,11,927,1015,771,732,651
1000985,암사길,1483,787,696,0,129,302,369,399,284,0,46,138,193,234,176,0,83,164,176,165,108
1000984,성안로3길,15210,8890,6320,56,1836,3611,3750,3357,2600,24,835,1906,2179,2124,1822,32,1001,1705,1571,1233,778
1000983,성내로5길,10613,6278,4335,44,1236,2694,2728,2485,1426,20,568,1523,1604,1554,1009,24,668,1171,1124,931,417
1000982,상일로5길,5239,3749,1490,10,903,2139,936,707,544,9,653,1827,633,440,187,1,250,312,303,267,357
1000981,상암로5길,4364,1830,2534,5,320,664,985,1154,1236,2,102,258,396,379,693,3,218,406,589,775,543
1000980,상암로51길,4331,2178,2153,10,434,823,1042,1167,855,6,153,449,571,559,440,4,281,374,471,608,415
1000979,상암로4길,3991,1815,2176,4,449,672,928,884,1054,4,149,321,441,333,567,0,300,351,487,551,487
1000978,상암로14길,3562,1636,1926,2,410,630,822,774,924,2,143,302,411,276,502,0,267,328,411,498,422
1000977,명일로13길,3887,2065,1822,1,595,1051,836,820,584,0,231,560,462,434,378,1,364,491,374,386,206
1000976,동남로85길,885,359,526,1,83,161,187,245,208,0,24,65,74,92,104,1,59,96,113,153,104
1000975,동남로82길,601,224,377,0,48,115,130,204,104,0,14,37,50,75,48,0,34,78,80,129,56
1000974,동남로65길,2695,928,1767,2,555,819,595,496,228,2,108,264,200,216,138,0,447,555,395,280,90
1000973,구천면로42길,2452,1107,1345,5,241,532,617,616,441,2,74,236,270,290,235,3,167,296,347,326,206
1000972,구천면로41길,2294,1036,1258,2,239,505,618,596,334,1,82,206,298,258,191,1,157,299,320,338,143
1000971,구천면로36길,1966,1002,964,2,182,423,477,505,377,0,50,182,224,266,280,2,132,241,253,239,97
1000970,고덕로61길,756,302,454,1,82,114,153,191,215,0,25,52,53,68,104,1,57,62,100,123,111
1000969,고덕로25길,1623,583,1040,3,119,279,381,577,264,0,45,94,120,166,158,3,74,185,261,411,106
1000968,고덕로10길,4162,1746,2416,5,312,613,909,1107,1216,2,103,248,360,358,675,3,209,365,549,749,541
1000967,강동대로53길,8628,5173,3455,18,1121,2193,2123,1850,1323,7,550,1270,1343,1171,832,11,571,923,780,679,491
1000966,풍성로25길,4139,1993,2146,12,646,928,969,910,674,2,225,435,477,441,413,10,421,493,492,469,261
1000965,오금로46길,2558,1233,1325,11,348,549,599,649,402,7,120,271,301,285,249,4,228,278,298,364,153
1000964,오금로36길,10304,6564,3740,18,1629,2830,2468,2132,1227,11,795,1893,1624,1359,882,7,834,937,844,773,345
1000963,오금로11길,22045,13244,8801,57,3134,5774,5279,4639,3162,33,1728,3930,3287,2273,1993,24,1406,1844,1992,2366,1169
1000962,양재대로72길,12078,7591,4487,30,1287,2310,2594,2393,3464,18,598,1362,1693,1488,2432,12,689,948,901,905,1032
1000961,양재대로71길,9566,6095,3471,33,1383,2240,2135,1858,1917,19,652,1369,1418,1219,1418,14,731,871,717,639,499
1000960,양재대로64길,16135,9826,6309,18,1714,3223,2994,2517,5669,2,750,1904,1939,1454,3777,16,964,1319,1055,1063,1892
1000959,양재대로62길,28305,17169,11136,65,3504,5630,5756,5726,7624,33,1524,3537,3790,3240,5045,32,1980,2093,1966,2486,2579
1000958,송파대로30길,37156,22872,14284,74,4567,8117,8234,7631,8533,39,2018,5025,5494,4564,5732,35,2549,3092,2740,3067,2801
1000957,송이로36길,8777,5495,3282,23,1590,2308,2255,1652,949,12,757,1461,1470,1051,744,11,833,847,785,601,205
1000956,송이로32길,9966,6135,3831,31,1394,1833,2272,2318,2118,15,645,1137,1423,1453,1462,16,749,696,849,865,656
1000955,송이로23길,9178,5199,3979,23,1427,2624,2333,1675,1096,14,528,1457,1407,1018,775,9,899,1167,926,657,321
1000954,삼전로13길,8059,4771,3288,22,1115,1776,1942,1891,1313,8,458,1023,1172,1150,960,14,657,753,770,741,353
1000953,백제고분로50길,18537,10590,7947,54,2656,4733,4182,4056,2856,34,1457,3096,2375,1923,1705,20,1199,1637,1807,2133,1151
1000952,백제고분로46길,5865,3582,2283,9,683,1311,1409,1399,1054,6,312,844,912,776,732,3,371,467,497,623,322
1000951,백제고분로45길,10895,7090,3805,17,1482,2620,2588,2506,1682,12,724,1799,1774,1574,1207,5,758,821,814,932,475
1000950,백제고분로42길,7835,4345,3490,16,890,1579,1724,1886,1740,9,379,870,1005,1007,1075,7,511,709,719,879,665
1000949,백제고분로39길,8532,5416,3116,17,1361,2496,1907,1646,1105,8,668,1807,1249,942,742,9,693,689,658,704,363
1000948,백제고분로34길,5349,3175,2174,16,595,1190,1526,1288,734,10,273,700,939,768,485,6,322,490,587,520,249
1000947,백제고분로33길,7377,5202,2175,16,909,1807,1731,1388,1526,3,486,1351,1205,862,1295,13,423,456,526,526,231
1000946,백제고분로32길,5723,3440,2283,12,635,1250,1449,1494,883,7,295,755,913,873,597,5,340,495,536,621,286
1000945,백제고분로31길,8434,5434,3000,18,1007,1697,1967,1857,1888,4,408,1002,1286,1157,1577,14,599,695,681,700,311
1000944,백제고분로22길,4586,3073,1513,10,554,961,1057,1113,891,4,276,660,734,713,686,6,278,301,323,400,205
1000943,백제고분로21길,5240,3000,2240,11,718,1214,1290,1203,804,4,247,669,791,702,587,7,471,545,499,501,217
1000942,마천로51길,1403,705,698,1,109,221,372,417,283,1,38,88,159,223,196,0,71,133,213,194,87
1000941,동남로20길,4762,2682,2080,81,786,882,1155,1124,734,45,379,517,652,590,499,36,407,365,503,534,235
1000940,거마로20길,2354,1139,1215,1,221,443,642,673,374,1,88,231,292,299,228,0,133,212,350,374,146
1000939,학동로77길,14090,5684,8406,34,2687,4328,3571,2113,1357,8,769,1629,1357,1051,870,26,1918,2699,2214,1062,487
1000938,학동로6길,16219,9337,6882,50,3421,5296,3946,2063,1443,18,1389,3192,2539,1241,958,32,2032,2104,1407,822,485
1000937,학동로56길,21869,12221,9648,106,5166,6932,4954,3264,1447,51,2177,4005,3210,1830,948,55,2989,2927,1744,1434,499
1000936,학동로38길,25282,14643,10639,77,5234,7225,5629,3409,3708,29,1843,4135,3774,2263,2599,48,3391,3090,1855,1146,1109
1000935,테헤란로81길,71886,45562,26324,200,13098,27586,20446,8351,2205,71,5314,17191,15055,6330,1601,129,7784,10395,5391,2021,604
1000934,일원로9길,8245,2229,6016,2,2348,2820,1690,986,399,0,351,727,537,385,229,2,1997,2093,1153,601,170
1000933,일원로3길,3234,1862,1372,4,267,626,802,845,690,2,112,369,490,479,410,2,155,257,312,366,280
1000932,영동대로65길,33327,21206,12121,93,5091,8954,8369,6232,4588,58,2782,6418,5591,3539,2818,35,2309,2536,2778,2693,1770
1000931,영동대로112길,104684,73301,31383,388,20042,31342,25948,19308,7656,240,10561,21149,20139,15854,5358,148,9481,10193,5809,3454,2298
1000930,언주로81길,105329,63767,41562,407,21534,31887,27432,18991,5078,194,11947,21843,17240,9164,3379,213,9587,10044,10192,9827,1699
1000929,압구정로2길,14787,7271,7516,92,3922,4835,3190,1659,1089,39,1247,2510,1847,916,712,53,2675,2325,1343,743,377
1000928,선릉로18길,973,438,535,7,100,241,225,248,152,6,35,97,104,98,98,1,65,144,121,150,54
1000927,선릉로146길,14378,6982,7396,44,3885,4749,2884,1657,1159,7,1173,2252,1719,1032,799,37,2712,2497,1165,625,360
1000926,선릉로133길,23079,13685,9394,95,4782,6634,5557,3970,2041,41,2191,4044,3805,2391,1213,54,2591,2590,1752,1579,828
1000925,선릉로132길,23714,10709,13005,91,5359,7101,5587,3588,1988,37,2003,3241,2521,1692,1215,54,3356,3860,3066,1896,773
1000924,선릉로121길,16727,9812,6915,66,3257,5309,4041,2660,1394,37,1212,2908,2774,1855,1026,29,2045,2401,1267,805,368
1000923,삼성로75길,29081,18565,10516,61,4810,9013,8396,4665,2136,24,2201,5590,5823,3370,1557,37,2609,3423,2573,1295,579
1000922,삼성로69길,8451,4409,4042,29,1590,2299,1952,1579,1002,15,587,1152,1097,861,697,14,1003,1147,855,718,305
1000921,삼성로64길,17925,10803,7122,51,3429,5484,4807,2806,1348,27,1739,3765,2879,1444,949,24,1690,1719,1928,1362,399
1000920,삼성로63길,3354,1441,1913,21,590,901,830,675,337,11,175,363,389,301,202,10,415,538,441,374,135
1000919,삼성로57길,6984,3611,3373,117,2051,2501,1218,741,356,9,791,1495,728,367,221,108,1260,1006,490,374,135
1000918,삼성로147길,11468,5259,6209,34,2984,3759,2539,1319,833,5,903,1762,1333,723,533,29,2081,1997,1206,596,300
1000917,삼성로115길,6446,3652,2794,14,1392,2138,1460,831,611,5,524,1233,930,528,432,9,868,905,530,303,179
1000916,봉은사로68길,42906,28464,14442,58,7377,17662,11616,4525,1668,25,3274,11643,9083,3286,1153,33,4103,6019,2533,1239,515
1000915,봉은사로57길,13361,7768,5593,48,2716,4401,3102,2108,986,22,1009,2438,2093,1457,749,26,1707,1963,1009,651,237
1000914,봉은사로43길,26004,15329,10675,79,5598,8710,5795,3494,2328,41,2137,5089,4026,2345,1691,38,3461,3621,1769,1149,637
1000913,봉은사로29길,27829,16218,11611,62,6081,8651,6256,3889,2890,31,2243,4939,4316,2604,2085,31,3838,3712,1940,1285,805
1000912,봉은사로109길,74278,56459,17819,275,11922,20145,18477,16204,7255,198,7986,15000,14907,13339,5029,77,3936,5145,3570,2865,2226
1000911,도산대로89길,11788,5816,5972,60,2989,4001,2724,1434,580,15,911,2065,1611,834,380,45,2078,1936,1113,600,200
1000910,도산대로81길,16151,5759,10392,83,5638,5999,2816,1059,556,13,1411,2241,1276,489,329,70,4227,3758,1540,570,227
1000909,도산대로50길,27530,15723,11807,107,6019,8010,6113,4719,2562,42,2448,4674,4066,2860,1633,65,3571,3336,2047,1859,929
1000908,도산대로38길,30146,16506,13640,88,6771,9952,7209,4137,1989,22,2398,5511,4629,2580,1366,66,4373,4441,2580,1557,623
1000907,도산대로30길,25809,13220,12589,69,6391,8465,5888,3261,1735,15,2032,4432,3638,1927,1176,54,4359,4033,2250,1334,559
1000906,도산대로23길,23357,11513,11844,92,6175,7977,5002,2605,1506,29,1732,4014,3092,1607,1039,63,4443,3963,1910,998,467
1000905,도산대로15길,20885,9832,11053,103,5666,7166,4394,2196,1360,32,1552,3522,2584,1228,914,71,4114,3644,1810,968,446
1000904,도곡로37길,30855,16506,14349,142,7347,8813,7319,4784,2450,50,2884,4934,4460,2626,1552,92,4463,3879,2859,2158,898
1000903,논현로8길,5798,3784,2014,16,727,1416,1489,1163,987,7,389,997,971,752,668,9,338,419,518,411,319
1000902,논현로63길,31074,21136,9938,91,5024,9263,8178,5436,3082,27,2411,6080,6143,4074,2401,64,2613,3183,2035,1362,681
1000901,논현로28길,41788,22601,19187,157,7408,11049,11570,7161,4443,86,3646,6990,5692,3433,2754,71,3762,4059,5878,3728,1689
1000900,논현로26길,36498,24502,11996,89,5893,10871,9034,5964,4647,55,3117,7632,6660,4117,2921,34,2776,3239,2374,1847,1726
1000899,논현로159길,14893,6190,8703,88,4272,4886,3039,1591,1017,30,1095,2154,1543,750,618,58,3177,2732,1496,841,399
1000898,논현로139길,36040,19551,16489,111,9129,11959,7940,4250,2651,38,3040,6780,5271,2583,1839,73,6089,5179,2669,1667,812
1000897,논현로123길,10035,5818,4217,37,2145,3141,2311,1353,1048,14,888,1913,1511,802,690,23,1257,1228,800,551,358
1000896,논현로115길,22295,12829,9466,94,5536,7263,4856,2543,2003,47,2305,4151,3299,1636,1391,47,3231,3112,1557,907,612
1000895,논현로10길,11741,6986,4755,23,1428,2803,3161,2569,1757,11,657,1732,1809,1466,1311,12,771,1071,1352,1103,446
1000894,논현로106길,21595,12370,9225,58,4240,6336,4680,3198,3083,34,1741,3819,3159,1796,1821,24,2499,2517,1521,1402,1262
1000893,남부순환로365길,18717,10211,8506,97,4373,5517,4028,2988,1714,30,1712,3422,2567,1409,1071,67,2661,2095,1461,1579,643
1000892,개포로82길,788,365,423,0,61,148,208,230,141,0,14,51,89,110,101,0,47,97,119,120,40
1000891,개포로28길,15736,9433,6303,35,1885,4004,4427,3501,1884,12,926,2606,2612,1866,1411,23,959,1398,1815,1635,473
1000890,개포로20길,23510,14894,8616,48,2788,6249,6797,5177,2451,16,1451,4143,4321,3114,1849,32,1337,2106,2476,2063,602
1000889,개포로17길,21773,14054,7719,52,2884,5832,6202,4767,2036,21,1497,3951,4079,2959,1547,31,1387,1881,2123,1808,489
1000888,강남대로140길,24843,13240,11603,82,5604,8384,5725,3223,1825,16,1791,4635,3728,1790,1280,66,3813,3749,1997,1433,545
1000887,강남대로136길,31136,17438,13698,105,6478,10424,7638,4123,2368,21,2356,6130,4916,2404,1611,84,4122,4294,2722,1719,757
1000886,강남대로118길,13508,7161,6347,73,4072,4259,2732,1437,935,34,1545,2291,1818,856,617,39,2527,1968,914,581,318
1000885,서초중앙로8길,26713,16381,10332,65,5419,7867,6711,4457,2194,20,2259,4958,4614,2863,1667,45,3160,2909,2097,1594,527
1000884,방배중앙로21길,6083,3130,2953,18,813,1287,1381,1412,1172,10,328,730,740,620,702,8,485,557,641,792,470
1000883,효령로72길,24157,15963,8194,75,4919,7172,6586,3754,1651,24,2259,4786,4994,2674,1226,51,2660,2386,1592,1080,425
1000882,효령로34길,5635,3382,2253,22,986,1369,1152,1001,1105,7,391,774,752,578,880,15,595,595,400,423,225
1000881,효령로31길,13140,7907,5233,60,2780,3785,3167,1892,1456,36,1253,2321,1987,1161,1149,24,1527,1464,1180,731,307
1000880,효령로23길,10721,6759,3962,52,2367,3046,2489,1490,1277,28,1098,1989,1712,923,1009,24,1269,1057,777,567,268
1000879,청두곶길,15010,8109,6901,45,2173,3595,3339,3569,2289,9,967,2272,2055,1603,1203,36,1206,1323,1284,1966,1086
1000878,주흥길,8019,5885,2134,13,1343,2863,2097,1099,604,8,774,2155,1767,798,383,5,569,708,330,301,221
1000877,주흥15길,9806,5673,4133,31,1966,3374,2523,1181,731,8,731,1983,1704,764,483,23,1235,1391,819,417,248
1000876,언남길,15824,11153,4671,49,2167,4368,4460,3160,1620,28,1206,3056,3310,2312,1241,21,961,1312,1150,848,379
1000875,신반포로45길,11810,6562,5248,27,2377,3756,2947,1672,1031,8,810,2177,1878,1004,685,19,1567,1579,1069,668,346
1000874,서초대로8길,7554,4134,3420,20,939,1844,2041,1527,1183,16,387,992,1095,837,807,4,552,852,946,690,376
1000873,서초대로64길,10593,5662,4931,30,1989,3332,2691,1582,969,12,718,1747,1489,969,727,18,1271,1585,1202,613,242
1000872,서초대로4길,7260,4497,2763,15,903,1675,1870,1582,1215,9,444,1022,1213,993,816,6,459,653,657,589,399
1000871,서초대로25길,14290,8854,5436,59,2725,4397,3485,2197,1427,42,1276,2763,2293,1425,1055,17,1449,1634,1192,772,372
1000870,서초대로23길,15327,9546,5781,67,2575,4533,3878,2561,1713,47,1287,2883,2495,1577,1257,20,1288,1650,1383,984,456
1000869,서초대로15길,13101,7661,5440,45,1891,3379,3327,2486,1973,29,825,1944,1956,1483,1424,16,1066,1435,1371,1003,549
1000868,사평대로57길,14740,8833,5907,59,2681,4699,3870,2253,1178,24,1085,2862,2748,1432,682,35,1596,1837,1122,821,496
1000867,사평대로26길,4399,2345,2054,35,910,1271,1093,728,362,12,366,679,629,436,223,23,544,592,464,292,139
1000866,사평대로22길,4773,2907,1866,43,957,1411,1252,713,397,13,437,897,835,474,251,30,520,514,417,239,146
1000865,사임당로17길,22377,12475,9902,77,3817,7224,5780,3456,2023,27,1307,3939,3512,2202,1488,50,2510,3285,2268,1254,535
1000864,방배로42길,5251,3186,2065,21,756,1317,1212,1043,902,7,304,820,763,626,666,14,452,497,449,417,236
1000863,방배로35길,5910,3550,2360,25,850,1445,1430,1106,1054,10,334,879,902,678,747,15,516,566,528,428,307
1000862,방배로18길,9605,5636,3969,48,2317,2879,2083,1171,1107,27,948,1741,1372,678,870,21,1369,1138,711,493,237
1000861,반포대로9길,3821,2226,1595,9,667,1037,1000,661,447,3,241,610,669,406,297,6,426,427,331,255,150
1000860,바우뫼로39길,36508,23796,12712,79,5660,10460,8619,6538,5152,51,2941,7025,6167,4163,3449,28,2719,3435,2452,2375,1703
1000859,마방로2길,14632,9798,4834,38,2190,3880,3748,3033,1743,23,1187,2590,2691,2019,1288,15,1003,1290,1057,1014,455
1000858,방배천로4안길,7064,4340,2724,15,1043,1749,1773,1377,1107,9,472,1053,1151,870,785,6,571,696,622,507,322
1000857,동산로19길,14981,9535,5446,38,1729,3374,4148,3571,2121,28,870,2164,2651,2260,1562,10,859,1210,1497,1311,559
1000856,동산로10길,8463,5316,3147,28,1027,2028,2122,1919,1339,21,530,1280,1373,1220,892,7,497,748,749,699,447
1000855,동광로39길,5107,2916,2191,42,1063,1501,1236,879,386,12,489,886,745,564,220,30,574,615,491,315,166
1000854,동광로1길,7174,3535,3639,25,1153,1710,1657,1545,1084,19,520,1027,905,542,522,6,633,683,752,1003,562
1000853,동광로12길,12071,6596,5475,48,1614,2634,2794,2554,2427,23,616,1439,1594,1347,1577,25,998,1195,1200,1207,850
1000852,논현로27길,37403,25947,11456,91,6069,11247,9211,6284,4501,55,3272,7817,7047,4646,3110,36,2797,3430,2164,1638,1391
1000851,논현로1길,11399,6922,4477,37,1242,2617,2956,2623,1924,25,618,1596,1813,1582,1288,12,624,1021,1143,1041,636
1000850,남부순환로339길,28797,15829,12968,105,6578,7801,6633,5407,2273,56,2724,4859,4146,2617,1427,49,3854,2942,2487,2790,846
1000849,남부순환로325길,20262,11600,8662,57,3105,6767,4924,3316,2093,15,1330,3556,3084,2079,1536,42,1775,3211,1840,1237,557
1000848,남부순환로317길,11925,7314,4611,41,2203,3895,2972,1757,1057,14,978,2435,2027,1115,745,27,1225,1460,945,642,312
1000847,고무래로8길,32395,13413,18982,35,6927,10393,8438,4834,1768,7,1267,3934,4222,2888,1095,28,5660,6459,4216,1946,673
1000846,강남대로8길,97241,86996,10245,44,8496,19839,27822,37694,3346,32,6613,16996,24730,35830,2795,12,1883,2843,3092,1864,551
1000845,강남대로34길,38304,23607,14697,152,7657,11674,8407,5789,4625,65,3435,7630,5957,3523,2997,87,4222,4044,2450,2266,1628
1000844,강남대로23길,17820,11632,6188,52,2805,4873,4585,3593,1912,32,1525,3284,3254,2255,1282,20,1280,1589,1331,1338,630
1000843,소담길,1325,867,458,0,97,254,340,345,289,0,48,152,200,242,225,0,49,102,140,103,64
1000842,원신길,558,190,368,0,71,146,123,140,78,0,10,44,44,52,40,0,61,102,79,88,38
1000841,양지길,856,583,273,1,67,103,176,251,258,1,24,50,100,178,230,0,43,53,76,73,28
1000840,양산길,881,572,309,1,76,120,184,252,248,1,24,57,105,177,208,0,52,63,79,75,40
1000839,호암로24길,2468,1405,1063,3,182,375,621,778,509,2,63,196,348,457,339,1,119,179,273,321,170
1000838,호암로20길,1348,510,838,2,130,273,308,359,276,1,34,129,137,100,109,1,96,144,171,259,167
1000837,행운길,5137,3308,1829,24,818,1438,1086,880,891,7,408,983,704,520,686,17,410,455,382,360,205
1000836,행운1길,3681,1825,1856,12,598,896,884,741,550,1,211,465,431,369,348,11,387,431,453,372,202
1000835,청림3길,2054,930,1124,6,278,444,561,441,324,3,100,207,248,197,175,3,178,237,313,244,149
1000834,청룡길,5174,3014,2160,8,666,1055,1347,1134,964,4,292,603,807,691,617,4,374,452,540,443,347
1000833,청룡8길,3749,2147,1602,1,433,756,1004,877,678,0,202,430,585,506,424,1,231,326,419,371,254
1000832,중앙길,4127,1863,2264,9,652,905,1018,838,705,6,186,378,490,425,378,3,466,527,528,413,327
1000831,조원중앙로2길,6336,4092,2244,2,504,1031,1029,1210,2560,2,222,640,597,700,1931,0,282,391,432,510,629
1000830,조원로18길,5248,3524,1724,1,392,916,814,871,2254,1,173,568,513,541,1728,0,219,348,301,330,526
1000829,조원로10길,15946,9693,6253,50,2681,4926,4107,2498,1684,28,1152,3083,2605,1620,1205,22,1529,1843,1502,878,479
1000828,장군봉2길,2686,1310,1376,1,349,594,676,600,466,0,121,280,347,297,265,1,228,314,329,303,201
1000827,장군봉1길,3141,1688,1453,1,405,701,865,700,469,0,182,384,497,371,254,1,223,317,368,329,215
1000826,인헌길,1169,553,616,1,120,304,353,254,137,0,30,162,173,109,79,1,90,142,180,145,58
1000825,은천로25길,764,232,532,1,116,169,204,179,95,1,18,47,61,61,44,0,98,122,143,118,51
1000824,양녕로6길,3935,2133,1802,9,584,847,1032,822,641,5,228,438,584,492,386,4,356,409,448,330,255
1000823,신원로3길,1106,471,635,0,126,195,233,279,273,0,42,88,102,107,132,0,84,107,131,172,141
1000822,신사로20길,731,357,374,1,88,160,208,170,104,1,21,73,111,79,72,0,67,87,97,91,32
1000821,신림로65길,3803,1833,1970,19,593,685,750,822,934,8,236,351,389,363,486,11,357,334,361,459,448
1000820,신림로64길,4716,2063,2653,20,891,952,944,921,988,9,298,423,458,373,502,11,593,529,486,548,486
1000819,신림로48길,825,344,481,0,134,171,182,198,140,0,38,72,73,83,78,0,96,99,109,115,62
1000818,신림로38길,584,274,310,0,54,125,148,144,113,0,14,68,69,66,57,0,40,57,79,78,56
1000817,신림로28길,2177,1041,1136,3,194,376,515,599,490,2,59,190,242,261,287,1,135,186,273,338,203
1000816,신림로11길,1297,812,485,1,104,247,354,395,196,0,36,119,213,287,157,1,68,128,141,108,39
1000815,신림동길,2362,1231,1131,7,334,418,538,545,520,3,129,220,306,267,306,4,205,198,232,278,214
1000814,승방길,4663,2234,2429,11,659,972,1226,1376,419,9,330,589,571,456,279,2,329,383,655,920,140
1000813,서림7길,1461,805,656,0,115,278,406,478,184,0,39,122,217,311,116,0,76,156,189,167,68
1000812,봉천로33길,4758,2498,2260,7,594,950,1218,1132,857,5,224,488,693,580,508,2,370,462,525,552,349
1000811,봉천로13길,2107,982,1125,5,253,405,495,539,410,3,99,160,227,225,268,2,154,245,268,314,142
1000810,복은길,945,472,473,0,72,176,231,268,198,0,25,82,97,142,126,0,47,94,134,126,72
1000809,법원단지길,1014,382,632,1,125,199,273,257,159,0,28,83,119,88,64,1,97,116,154,169,95
1000808,법원단지9길,627,221,406,0,70,150,169,179,59,0,10,47,54,75,35,0,60,103,115,104,24
1000807,미성5길,1710,770,940,2,164,295,462,480,307,0,47,115,218,218,172,2,117,180,244,262,135
1000806,대학길,1651,916,735,2,115,248,419,536,331,1,39,141,250,297,188,1,76,107,169,239,143
1000805,대학14길,330,154,176,0,35,63,97,72,63,0,9,30,39,31,45,0,26,33,58,41,18
1000804,당곡길,8367,4315,4052,61,1682,2584,2255,1198,587,26,780,1389,1080,667,373,35,902,1195,1175,531,214
1000803,남현길,2316,1333,983,1,278,569,631,523,314,0,117,361,355,269,231,1,161,208,276,254,83
1000802,남현3길,6490,3040,3450,15,1024,1386,1690,1730,645,12,389,752,814,631,442,3,635,634,876,1099,203
1000801,남현2길,4438,2324,2114,7,852,1127,1040,819,593,4,238,588,596,448,450,3,614,539,444,371,143
1000800,남부순환로248길,2111,914,1197,8,410,593,502,375,223,1,97,262,238,176,140,7,313,331,264,199,83
1000799,남부순환로234길,3083,2018,1065,11,443,784,641,621,583,4,218,538,399,392,467,7,225,246,242,229,116
1000798,남부순환로172길,2729,1484,1245,1,286,641,689,654,458,1,111,349,395,344,284,0,175,292,294,310,174
1000797,남부순환로161길,2836,1575,1261,2,306,675,737,662,454,2,109,364,437,354,309,0,197,311,300,308,145
1000796,남부순환로151길,3720,2045,1675,4,444,908,906,888,570,2,151,511,528,491,362,2,293,397,378,397,208
1000795,남부순환로142길,5732,3829,1903,4,450,985,904,1000,2389,1,198,612,577,625,1816,3,252,373,327,375,573
1000794,난향길,1346,641,705,0,82,177,232,346,509,0,13,65,80,112,371,0,69,112,152,234,138
1000793,난우길,1732,784,948,4,199,322,438,469,300,0,63,145,220,210,146,4,136,177,218,259,154
1000792,난곡로74길,1339,714,625,2,164,307,341,324,201,0,49,166,192,165,142,2,115,141,149,159,59
1000791,난곡로34길,1101,466,635,1,148,220,336,297,99,0,33,97,148,128,60,1,115,123,188,169,39
1000790,난곡로26길,580,257,323,0,68,104,195,162,51,0,12,38,90,85,32,0,56,66,105,77,19
1000789,난곡로24길,631,278,353,0,67,123,212,176,53,0,12,43,96,91,36,0,55,80,116,85,17
1000788,낙성대역길,4958,3022,1936,24,818,1402,1053,784,877,6,360,898,634,464,660,18,458,504,419,320,217
1000787,국회단지길,2117,1069,1048,1,257,387,493,548,431,0,66,184,263,260,296,1,191,203,230,288,135
1000786,구암길,1336,481,855,1,171,263,349,335,217,1,30,85,116,119,130,0,141,178,233,216,87
1000785,관천로22길,15876,8917,6959,71,2713,5386,4430,2255,1021,29,1250,2898,2491,1526,723,42,1463,2488,1939,729,298
1000784,관천로15길,965,527,438,1,98,193,281,237,155,1,29,103,160,126,108,0,69,90,121,111,47
1000783,관악로30길,1944,873,1071,6,265,425,512,398,338,3,99,197,216,184,174,3,166,228,296,214,164
1000782,관악로28길,1574,730,844,6,204,340,420,331,273,3,78,161,180,160,148,3,126,179,240,171,125
1000781,관악로14길,6153,3195,2958,15,825,1496,1483,1443,891,1,308,736,768,820,562,14,517,760,715,623,329
1000780,관악로10길,7007,4260,2747,15,887,1875,1639,1689,902,2,415,1152,997,1103,591,13,472,723,642,586,311
1000779,흑석로9길,5201,2275,2926,3,1009,1516,1250,990,433,1,231,534,613,593,303,2,778,982,637,397,130
1000778,흑석로13길,5542,2485,3057,2,1043,1593,1324,1064,516,1,244,579,657,637,367,1,799,1014,667,427,149
1000777,장승배기로27길,8009,4760,3249,8,896,2445,2097,1785,778,2,378,1339,1346,1216,479,6,518,1106,751,569,299
1000776,장승배기로19길,2195,1192,1003,1,335,452,508,526,373,0,218,264,248,268,194,1,117,188,260,258,179
1000775,장승배기로10길,3208,1710,1498,1,451,644,826,784,502,0,254,353,411,429,263,1,197,291,415,355,239
1000774,여의대방로46길,4908,2668,2240,10,867,1360,1137,827,707,1,379,818,680,415,375,9,488,542,457,412,332
1000773,여의대방로24길,31246,17228,14018,80,5062,6690,6904,7652,4858,41,3316,4681,3735,3220,2235,39,1746,2009,3169,4432,2623
1000772,여의대방로22카길,21911,11810,10101,57,3954,4334,4142,5370,4054,35,2724,3165,2257,1915,1714,22,1230,1169,1885,3455,2340
1000771,여의대방로22나길,29116,15984,13132,77,4879,6316,6452,7120,4272,39,3215,4495,3504,2897,1834,38,1664,1821,2948,4223,2438
1000770,여의대방로22길,21628,11806,9822,57,3918,4277,4038,5279,4059,35,2714,3188,2226,1919,1724,22,1204,1089,1812,3360,2335
1000769,양녕로26길,892,371,521,0,97,176,239,234,146,0,19,65,105,85,97,0,78,111,134,149,49
1000768,신대방길,4986,2708,2278,9,1112,1338,1167,860,500,4,394,767,689,490,364,5,718,571,478,370,136
1000767,성대로29길,1771,664,1107,5,186,332,492,464,292,4,53,129,199,151,128,1,133,203,293,313,164
1000766,성대로1길,2183,918,1265,6,260,442,577,541,357,4,95,211,256,199,153,2,165,231,321,342,204
1000765,서달로8가길,5138,2271,2867,2,960,1477,1261,998,440,1,226,523,619,592,310,1,734,954,642,406,130
1000764,서달로15길,1095,457,638,2,174,239,278,218,184,1,43,84,108,94,127,1,131,155,170,124,57
1000763,서달로14길,1036,469,567,3,125,219,284,219,186,2,39,89,112,94,133,1,86,130,172,125,53
1000762,서달로10길,934,436,498,2,82,156,241,267,186,1,18,56,95,135,131,1,64,100,146,132,55
1000761,상도로62길,2840,1456,1384,9,331,643,799,665,393,3,114,285,406,385,263,6,217,358,393,280,130
1000760,상도로61길,2607,1306,1301,6,294,581,743,633,350,1,98,240,358,364,245,5,196,341,385,269,105
1000759,상도로47길,7362,3472,3890,32,1296,2030,1853,1469,682,0,327,869,995,846,435,32,969,1161,858,623,247
1000758,상도로37길,2513,1244,1269,31,375,588,655,560,304,0,105,334,365,276,164,31,270,254,290,284,140
1000757,상도로15길,4046,2016,2030,6,606,882,1010,901,641,4,341,486,473,406,306,2,265,396,537,495,335
1000756,사당로8길,1834,972,862,4,167,276,357,375,655,3,80,110,184,178,417,1,87,166,173,197,238
1000755,사당로30길,6273,3634,2639,10,1059,1597,1712,1241,654,9,371,905,1100,811,438,1,688,692,612,430,216
1000754,사당로2차길,1313,714,599,4,167,233,333,339,237,3,71,101,174,197,168,1,96,132,159,142,69
1000753,사당로29길,4793,2215,2578,14,594,969,1189,1127,900,6,170,459,617,523,440,8,424,510,572,604,460
1000752,사당로26길,4029,2005,2024,6,730,964,1111,790,428,5,186,455,623,469,267,1,544,509,488,321,161
1000751,사당로23나길,1115,439,676,0,69,160,258,331,297,0,36,71,91,120,121,0,33,89,167,211,176
1000750,사당로23길,1005,372,633,1,66,138,251,262,287,0,22,49,81,91,129,1,44,89,170,171,158
1000749,사당로20길,2397,1339,1058,0,252,483,705,545,412,0,76,229,419,331,284,0,176,254,286,214,128
1000748,사당로16길,2268,1208,1060,0,200,387,513,448,720,0,67,178,279,224,460,0,133,209,234,224,260
1000747,사당로16가길,1971,1016,955,1,158,291,423,408,690,0,55,114,208,203,436,1,103,177,215,205,254
1000746,만양로8길,2587,1348,1239,5,262,513,711,660,436,1,97,283,394,341,232,4,165,230,317,319,204
1000745,만양로14길,1167,563,604,3,135,249,298,263,219,1,47,124,153,111,127,2,88,125,145,152,92
1000744,등용로14길,5664,3567,2097,8,873,1948,1492,908,435,3,436,1239,1036,574,279,5,437,709,456,334,156
1000743,동작대로7길,8087,3985,4102,14,1152,1692,2047,2087,1095,7,430,928,1026,836,758,7,722,764,1021,1251,337
1000742,동작대로35길,3448,1361,2087,6,444,622,760,1010,606,3,146,284,309,324,295,3,298,338,451,686,311
1000741,동작대로33길,5859,2366,3493,23,914,1173,1252,1443,1054,8,266,551,562,477,502,15,648,622,690,966,552
1000740,동작대로29길,3169,1400,1769,12,405,617,672,786,677,4,113,283,322,329,349,8,292,334,350,457,328
1000739,동작대로17길,6383,3493,2890,6,873,1577,1812,1319,796,6,321,872,1083,766,445,0,552,705,729,553,351
1000738,대방동2길,21301,11403,9898,62,3723,3927,3795,5447,4347,39,2653,2914,1948,1942,1907,23,1070,1013,1847,3505,2440
1000737,대방동27길,4334,2353,1981,6,405,860,1015,1198,850,2,162,432,531,663,563,4,243,428,484,535,287
1000736,노량진로6길,4125,2518,1607,5,572,1524,1091,600,333,2,275,927,751,377,186,3,297,597,340,223,147
1000735,국사봉길,570,192,378,0,56,117,159,173,65,0,13,33,54,57,35,0,43,84,105,116,30
1000734,국사봉2길,1344,630,714,0,154,334,374,314,168,0,57,166,188,134,85,0,97,168,186,180,83
1000733,국사봉1길,1625,663,962,4,160,344,427,402,288,4,61,166,187,126,119,0,99,178,240,276,169
1000732,영신로9길,1946,1137,809,2,175,343,470,500,456,0,69,202,267,278,321,2,106,141,203,222,135
1000731,영등포로84길,3869,1970,1899,10,556,787,787,926,803,1,173,404,433,483,476,9,383,383,354,443,327
1000730,영등포로80길,4214,2022,2192,16,590,792,952,992,872,7,166,362,480,499,508,9,424,430,472,493,364
1000729,영등포로62길,2568,1301,1267,9,235,490,585,600,649,7,83,258,293,281,379,2,152,232,292,319,270
1000728,영등포로35길,6446,3711,2735,32,887,1646,1692,1427,762,19,344,899,1046,914,489,13,543,747,646,513,273
1000727,영등포로27길,13211,7892,5319,39,1884,3206,3056,2714,2312,7,832,1925,2009,1697,1422,32,1052,1281,1047,1017,890
1000726,영등포로25길,13194,7931,5263,35,1991,3269,3034,2632,2233,11,884,1952,1997,1690,1397,24,1107,1317,1037,942,836
1000725,여의대방로61길,5080,2561,2519,13,880,1165,1115,921,986,1,338,609,609,461,543,12,542,556,506,460,443
1000724,여의대방로43나길,2450,1405,1045,0,182,337,521,794,616,0,60,177,309,440,419,0,122,160,212,354,197
1000723,여의대방로39길,2492,1307,1185,2,310,477,582,696,425,1,129,237,287,367,286,1,181,240,295,329,139
1000722,여의대방로35길,2843,1665,1178,8,358,651,674,638,514,4,157,361,361,405,377,4,201,290,313,233,137
1000721,양평로28길,13525,9067,4458,31,2095,4497,4080,2211,611,21,1018,2962,2860,1696,510,10,1077,1535,1220,515,101
1000720,양평로22라길,17052,11485,5567,28,2725,5846,5184,2481,788,4,1255,4015,3749,1835,627,24,1470,1831,1435,646,161
1000719,양평로19길,35286,17701,17585,114,6673,11886,10328,4508,1777,46,2608,6226,5005,2539,1277,68,4065,5660,5323,1969,500
1000718,신길로60길,2599,1312,1287,10,265,531,654,657,482,6,104,272,328,309,293,4,161,259,326,348,189
1000717,신길로42길,1034,476,558,2,115,215,265,260,177,0,47,106,124,106,93,2,68,109,141,154,84
1000716,신길로42가길,3641,2058,1583,8,305,632,852,989,855,4,120,324,468,556,586,4,185,308,384,433,269
1000715,신길로39길,1786,943,843,3,149,328,439,444,423,1,51,167,227,211,286,2,98,161,212,233,137
1000714,신길로17길,1717,928,789,6,171,306,409,414,411,1,80,164,206,207,270,5,91,142,203,207,141
1000713,선유서로28길,14871,8724,6147,68,2543,3419,3658,2890,2293,28,1179,2091,2223,1632,1571,40,1364,1328,1435,1258,722
1000712,선유서로25길,5343,3634,1709,25,586,1301,1364,1118,949,10,331,914,911,776,692,15,255,387,453,342,257
1000711,선유서로24길,7984,4606,3378,24,742,1559,2105,1717,1837,11,352,895,1193,1015,1140,13,390,664,912,702,697
1000710,선유로55길,19438,12917,6521,31,3020,6384,5765,2947,1291,5,1393,4379,4059,2081,1000,26,1627,2005,1706,866,291
1000709,디지털로74길,2701,924,1777,4,726,660,572,463,276,1,131,221,212,196,163,3,595,439,360,267,113
1000708,디지털로57길,2799,1415,1384,5,315,515,705,705,554,2,86,242,355,370,360,3,229,273,350,335,194
1000707,디지털로37길,7507,4172,3335,37,1555,2330,1672,1106,807,16,521,1300,1038,695,602,21,1034,1030,634,411,205
1000706,도신로62길,3358,1791,1567,12,401,553,750,879,763,6,158,290,416,465,456,6,243,263,334,414,307
1000705,도신로60길,2377,1347,1030,9,192,407,555,648,566,7,78,209,302,380,371,2,114,198,253,268,195
1000704,도신로29길,1065,525,540,2,111,209,286,260,197,1,34,96,143,125,126,1,77,113,143,135,71
1000703,도신로15길,2703,1678,1025,3,334,533,638,588,607,2,164,323,400,366,423,1,170,210,238,222,184
1000702,도림천로21길,16100,9739,6361,62,3154,5502,3983,2109,1290,28,1284,3411,2615,1486,915,34,1870,2091,1368,623,375
1000701,도림로63길,2734,1696,1038,8,336,531,715,739,405,3,175,333,441,467,277,5,161,198,274,272,128
1000700,도림로147길,17765,10896,6869,44,3450,4284,3961,3696,2330,17,1717,2765,2524,2207,1666,27,1733,1519,1437,1489,664
1000699,도림로112길,1371,705,666,3,147,285,360,334,242,2,49,136,191,168,159,1,98,149,169,166,83
1000698,대림로8길,4338,2144,2194,1,962,1311,977,729,358,0,269,696,543,425,211,1,693,615,434,304,147
1000697,대림로7길,4745,2960,1785,5,777,1614,1229,705,415,1,400,1076,747,466,270,4,377,538,482,239,145
1000696,대림로44길,5890,3613,2277,13,593,1297,1511,1428,1048,8,282,883,1059,841,540,5,311,414,452,587,508
1000695,대림로34길,6711,4011,2700,20,903,1574,1777,1495,942,11,354,980,1134,877,655,9,549,594,643,618,287
1000694,대림로31길,15871,10405,5466,30,2088,3845,3813,3401,2694,16,1269,2913,2747,1901,1559,14,819,932,1066,1500,1135
1000693,대림로29길,4827,2594,2233,15,628,853,1145,1262,924,8,223,414,591,723,635,7,405,439,554,539,289
1000692,대림로22길,2779,1349,1430,9,394,489,643,656,588,3,100,218,314,330,384,6,294,271,329,326,204
1000691,당산로46길,13918,8767,5151,61,1400,2616,3093,3310,3438,33,708,1736,2027,1961,2302,28,692,880,1066,1349,1136
1000690,당산로38길,18438,10776,7662,108,3782,5122,3772,3199,2455,55,1643,2985,2270,1997,1826,53,2139,2137,1502,1202,629
1000689,당산로37길,26435,9717,16718,172,6079,7898,6774,3372,2140,81,2066,2868,1891,1336,1475,91,4013,5030,4883,2036,665
1000688,당산로31길,22391,11393,10998,87,3967,5271,4739,4624,3703,44,1588,2692,2437,2339,2293,43,2379,2579,2302,2285,1410
1000687,국회대로56길,15129,8399,6730,69,2516,3606,4306,2807,1825,22,859,1831,2437,1943,1307,47,1657,1775,1869,864,518
1000686,경인로90길,20982,10921,10061,88,4231,6492,5575,2839,1757,34,1570,3295,3071,1744,1207,54,2661,3197,2504,1095,550
1000685,경인로80길,20596,11489,9107,79,3998,5692,5285,3216,2326,35,1582,3092,3068,2039,1673,44,2416,2600,2217,1177,653
1000684,경인로77길,25247,13604,11643,80,5084,7205,6510,3910,2458,36,1968,3790,3610,2409,1791,44,3116,3415,2900,1501,667
1000683,가마산로61길,1457,701,756,4,127,327,361,367,271,3,43,134,181,168,172,1,84,193,180,199,99
1000682,시흥대로94길,4436,2663,1773,6,401,851,1222,1251,705,6,213,536,748,724,436,0,188,315,474,527,269
1000681,시흥대로84길,1058,487,571,2,118,233,294,270,141,2,50,125,136,102,72,0,68,108,158,168,69
1000680,시흥대로68길,4676,1916,2760,10,783,916,899,947,1121,5,326,474,376,328,407,5,457,442,523,619,714
1000679,시흥대로63길,6463,2930,3533,13,874,1461,1313,1442,1360,3,347,672,598,719,591,10,527,789,715,723,769
1000678,시흥대로62가길,3491,1168,2323,4,405,478,629,868,1107,2,101,189,226,275,375,2,304,289,403,593,732
1000677,시흥대로36길,1854,1006,848,8,191,404,476,479,296,6,77,225,231,260,207,2,114,179,245,219,89
1000676,시흥대로22길,2258,1534,724,2,160,420,604,638,434,0,80,275,374,451,354,2,80,145,230,187,80
1000675,시흥대로153길,3446,2058,1388,10,499,821,910,819,387,8,244,487,585,481,253,2,255,334,325,338,134
1000674,시흥대로150길,3293,1668,1625,4,388,632,825,913,531,3,111,303,432,473,346,1,277,329,393,440,185
1000673,시흥대로141길,4124,2474,1650,9,540,775,1023,1121,656,8,253,442,608,676,487,1,287,333,415,445,169
1000672,시흥대로138길,2997,1709,1288,2,379,587,719,822,488,2,182,327,405,458,335,0,197,260,314,364,153
1000671,시흥대로120길,2683,1526,1157,3,354,471,683,702,470,2,205,285,370,361,303,1,149,186,313,341,167
1000670,벚꽃로56길,88616,53976,34640,1296,22927,27559,20126,10804,5904,560,10774,17863,13940,6569,4270,736,12153,9696,6186,4235,1634
1000669,범안로17길,8943,6095,2848,36,1013,1932,2239,2316,1407,23,620,1368,1514,1485,1085,13,393,564,725,831,322
1000668,범안로11길,30689,20490,10199,128,4726,8752,8160,5962,2961,79,2570,6104,5696,3859,2182,49,2156,2648,2464,2103,779
1000667,문성로5길,2963,1519,1444,1,265,712,751,746,488,1,96,372,377,346,327,0,169,340,374,400,161
1000666,독산로85길,1354,681,673,1,162,240,327,408,216,1,80,118,152,198,132,0,82,122,175,210,84
1000665,독산로78다길,958,373,585,0,101,144,239,299,175,0,30,44,84,113,102,0,71,100,155,186,73
1000664,독산로70길,1600,806,794,0,182,247,446,431,294,0,79,119,216,202,190,0,103,128,230,229,104
1000663,독산로64길,1043,409,634,1,79,155,294,301,213,1,12,51,94,119,132,0,67,104,200,182,81
1000662,독산로50길,724,234,490,0,72,160,217,197,78,0,16,58,50,62,48,0,56,102,167,135,30
1000661,독산로40길,819,241,578,1,83,121,224,277,113,1,22,35,69,74,40,0,61,86,155,203,73
1000660,독산로108길,6379,4072,2307,1,438,1139,1112,1213,2476,1,199,683,631,663,1895,0,239,456,481,550,581
1000659,남부순환로112길,6923,4102,2821,23,1086,2288,1790,1141,595,16,473,1417,1180,649,367,7,613,871,610,492,228
1000658,금하로24길,1889,1017,872,4,122,292,532,646,293,2,37,116,258,399,205,2,85,176,274,247,88
1000657,금하로1길,628,279,349,1,35,74,130,157,231,0,18,41,64,77,79,1,17,33,66,80,152
1000656,금하로14길,2415,1194,1221,3,262,370,566,658,556,2,79,174,296,295,348,1,183,196,270,363,208
1000655,가산로5길,26487,18917,7570,31,4198,8768,8025,4153,1312,17,2455,6040,6290,3127,988,14,1743,2728,1735,1026,324
1000654,가산로3길,31211,20913,10298,132,4840,8893,8209,6057,3080,83,2633,6201,5775,3932,2289,49,2207,2692,2434,2125,791
1000653,중앙로1길,5192,3019,2173,3,591,958,1165,1347,1128,1,246,510,635,773,854,2,345,448,530,574,274
1000652,중앙로15길,1855,992,863,7,192,340,469,472,375,0,83,176,209,253,271,7,109,164,260,219,104
1000651,우마길,16103,10489,5614,53,2832,4987,4250,2589,1392,35,1454,3455,2957,1543,1045,18,1378,1532,1293,1046,347
1000650,오류로8길,2713,1384,1329,13,252,440,649,734,625,3,98,231,290,331,431,10,154,209,359,403,194
1000649,신도림로13길,2580,1783,797,2,224,472,643,770,469,2,118,304,428,549,382,0,106,168,215,221,87
1000648,새말로18길,15305,10093,5212,41,2687,4402,3480,2683,2012,14,1576,3129,2482,1650,1242,27,1111,1273,998,1033,770
1000647,부일로1길,2210,1602,608,34,280,517,451,570,358,31,175,353,301,420,322,3,105,164,150,150,36
1000646,부일로15길,976,614,362,2,84,166,220,267,237,0,30,80,138,175,191,2,54,86,82,92,46
1000645,부일로11길,1687,926,761,0,169,377,429,466,246,0,64,221,236,236,169,0,105,156,193,230,77
1000644,디지털로32길,34622,20868,13754,126,6580,12124,9285,4278,2229,66,2843,7700,5943,2658,1658,60,3737,4424,3342,1620,571
1000643,디지털로32가길,34484,20859,13625,128,6535,12045,9108,4368,2300,67,2831,7677,5919,2701,1664,61,3704,4368,3189,1667,636
1000642,디지털로27길,53978,35022,18956,244,11282,18829,13161,6779,3683,147,5421,12632,9536,4459,2827,97,5861,6197,3625,2320,856
1000641,도림로6길,3827,2301,1526,11,663,1005,964,730,454,5,286,629,589,465,327,6,377,376,375,265,127
1000640,도림로12길,7769,5116,2653,100,1490,2484,2031,1127,537,66,768,1776,1489,685,332,34,722,708,542,442,205
1000639,남부순환로97길,1481,758,723,2,151,241,397,373,317,1,58,113,174,191,221,1,93,128,223,182,96
1000638,구로중앙로8길,2942,1505,1437,2,305,590,804,764,477,1,102,246,382,443,331,1,203,344,422,321,146
1000637,구로중앙로7길,2620,1336,1284,2,268,470,715,718,447,1,88,190,335,412,310,1,180,280,380,306,137
1000636,구로중앙로42길,12969,7846,5123,28,1753,4221,3276,2492,1199,22,791,2168,2030,1855,980,6,962,2053,1246,637,219
1000635,구로중앙로34길,6471,3595,2876,25,666,1145,1431,1382,1822,18,330,733,937,778,799,7,336,412,494,604,1023
1000634,구로중앙로28길,17022,10849,6173,18,1941,4076,4007,3718,3262,9,1204,2938,2807,2225,1666,9,737,1138,1200,1493,1596
1000633,구로중앙로19길,5648,3202,2446,4,643,1516,1431,1380,674,1,259,800,784,934,424,3,384,716,647,446,250
1000632,구로동로8길,5042,2193,2849,1,1186,1840,1175,612,228,0,290,902,630,239,132,1,896,938,545,373,96
1000631,구로동로7길,23289,16606,6683,91,4947,8039,6179,2805,1228,58,2802,5824,4853,2110,959,33,2145,2215,1326,695,269
1000630,구로동로42길,6980,3612,3368,21,751,1558,1451,1513,1686,15,352,857,798,919,671,6,399,701,653,594,1015
1000629,구로동로41길,979,527,452,0,125,234,273,220,127,0,61,130,143,107,86,0,64,104,130,113,41
1000628,구로동로38길,4694,2768,1926,3,529,1324,1158,1160,520,0,238,721,664,805,340,3,291,603,494,355,180
1000627,구로동로28길,6247,2939,3308,6,1297,1848,1390,1189,517,1,327,825,723,716,347,5,970,1023,667,473,170
1000626,구로동로15길,23099,16487,6612,91,4945,8001,6152,2784,1126,58,2793,5796,4842,2095,903,33,2152,2205,1310,689,223
1000625,공원로6가길,16106,10591,5515,43,2745,4522,3724,2984,2088,17,1594,3194,2633,1847,1306,26,1151,1328,1091,1137,782
1000624,고척로52길,2562,1403,1159,1,210,443,633,769,506,1,97,239,321,406,339,0,113,204,312,363,167
1000623,고척로27다길,1208,492,716,1,92,247,348,382,138,1,24,89,113,177,88,0,68,158,235,205,50
1000622,고척로27길,1484,613,871,1,158,269,393,479,184,1,46,113,132,221,100,0,112,156,261,258,84
1000621,고척로21나길,1409,530,879,3,173,240,330,435,228,3,47,98,111,159,112,0,126,142,219,276,116
1000620,경인로47길,3897,2211,1686,2,424,732,855,933,951,1,160,401,479,526,644,1,264,331,376,407,307
1000619,경인로35길,2971,1505,1466,0,244,504,767,852,604,0,106,248,352,422,377,0,138,256,415,430,227
1000618,경인로31길,1060,478,582,1,80,161,324,319,175,1,26,70,126,149,106,0,54,91,198,170,69
1000617,경인로15길,1329,682,647,2,171,276,352,311,217,0,49,142,185,154,152,2,122,134,167,157,65
1000616,개봉로3길,4178,2289,1889,0,134,179,303,538,3024,0,63,75,121,251,1779,0,71,104,182,287,1245
1000615,개봉로2길,4598,2442,2156,0,142,273,457,640,3086,0,41,104,194,287,1816,0,101,169,263,353,1270
1000614,개봉로23가길,2762,1536,1226,2,290,480,674,741,575,1,128,245,331,414,417,1,162,235,343,327,158
1000613,개봉로20길,1660,780,880,1,183,294,468,396,318,1,64,104,185,193,233,0,119,190,283,203,85
1000612,개봉로1길,4250,2403,1847,0,149,237,331,501,3032,0,65,150,167,236,1785,0,84,87,164,265,1247
1000611,개봉로17다길,2152,863,1289,3,256,390,546,595,362,2,70,155,223,208,205,1,186,235,323,387,157
1000610,개봉로17길,1896,721,1175,2,215,369,482,547,281,1,58,142,194,175,151,1,157,227,288,372,130
1000609,개봉로11길,5496,2765,2731,2,296,440,639,912,3207,1,108,178,266,356,1856,1,188,262,373,556,1351
1000608,화곡로64길,17556,9976,7580,93,3483,4339,3883,3810,1948,56,1591,2652,2560,1997,1120,37,1892,1687,1323,1813,828
1000607,화곡로59길,12067,7072,4995,29,1791,2410,2615,3287,1935,20,1035,1626,1752,1599,1040,9,756,784,863,1688,895
1000606,화곡로44나길,6306,3916,2390,6,618,1473,1555,1646,1008,5,276,796,934,1123,782,1,342,677,621,523,226
1000605,화곡로31길,3578,1611,1967,7,483,727,895,855,611,1,131,310,407,389,373,6,352,417,488,466,238
1000604,화곡로20길,2658,1447,1211,2,242,490,656,762,506,2,103,252,339,405,346,0,139,238,317,357,160
1000603,화곡로13길,2230,1169,1061,1,228,371,553,648,429,0,80,163,263,351,312,1,148,208,290,297,117
1000602,초원로16길,3541,1854,1687,12,481,824,812,699,713,2,174,436,496,403,343,10,307,388,316,296,370
1000601,초록마을로8길,888,250,638,1,111,180,249,202,145,0,24,50,66,53,57,1,87,130,183,149,88
1000600,초록마을로3길,2636,1715,921,4,227,443,623,626,713,4,94,247,387,403,580,0,133,196,236,223,133
1000599,월정로20길,1836,1153,683,7,167,276,411,598,377,5,74,165,262,374,273,2,93,111,149,224,104
1000598,우장산로6길,2905,1370,1535,4,400,670,747,709,375,4,104,281,357,376,248,0,296,389,390,333,127
1000597,양천로73가길,4065,2733,1332,11,423,1019,1052,917,643,9,235,677,695,607,510,2,188,342,357,310,133
1000596,양천로71길,3291,1995,1296,3,295,751,894,874,474,3,121,413,535,537,386,0,174,338,359,337,88
1000595,양천로49길,4131,2701,1430,22,348,773,942,1167,879,16,194,490,594,697,710,6,154,283,348,470,169
1000594,양천로26길,1996,1252,744,2,219,426,536,493,320,1,115,269,339,295,233,1,104,157,197,198,87
1000593,양천로24길,2917,1562,1355,6,306,676,758,713,458,2,150,419,405,336,250,4,156,257,353,377,208
1000592,양천로24가길,3211,1727,1484,4,346,746,851,747,517,2,160,457,488,346,274,2,186,289,363,401,243
1000591,양천로14길,8044,5462,2582,15,1194,2128,1925,2011,771,2,543,1564,1375,1468,510,13,651,564,550,543,261
1000590,방화대로6라길,6133,4437,1696,11,797,1289,2046,1328,662,4,575,941,1519,943,455,7,222,348,527,385,207
1000589,방화대로21길,2966,1509,1457,12,395,587,688,584,700,1,138,300,397,332,341,11,257,287,291,252,359
1000588,등촌로5길,1874,961,913,3,179,371,488,494,339,0,61,186,255,253,206,3,118,185,233,241,133
1000587,등촌로55길,3441,1892,1549,10,405,744,792,794,696,9,168,415,463,433,404,1,237,329,329,361,292
1000586,등촌로51길,2622,1388,1234,5,280,520,585,638,594,4,111,294,329,317,333,1,169,226,256,321,261
1000585,등촌로39길,1497,614,883,4,128,249,317,374,425,4,37,100,142,147,184,0,91,149,175,227,241
1000584,등촌로13길,1777,814,963,1,144,358,466,533,275,0,43,173,174,258,166,1,101,185,292,275,109
1000583,남부순환로11길,4330,3480,850,3,563,968,1463,905,428,1,444,752,1216,747,320,2,119,216,247,158,108
1000582,까치산로4길,1967,773,1194,3,276,450,499,449,290,0,69,198,197,170,139,3,207,252,302,279,151
1000581,국회대로7길,3847,1762,2085,7,481,889,1011,899,560,2,154,418,490,374,324,5,327,471,521,525,236
1000580,공항대로8길,5091,3819,1272,15,769,1174,1629,1027,477,2,532,859,1319,773,334,13,237,315,310,254,143
1000579,공항대로61길,5318,3189,2129,12,724,1377,1300,1106,799,7,296,805,801,674,606,5,428,572,499,432,193
1000578,공항대로59다길,7386,4497,2889,13,864,1848,2028,1668,965,8,338,1053,1319,1058,721,5,526,795,709,610,244
1000577,공항대로59길,5087,3043,2044,12,764,1258,1205,1066,782,6,324,755,705,665,588,6,440,503,500,401,194
1000576,공항대로55길,10389,5825,4564,73,2221,2981,2446,1739,929,41,777,1672,1596,1154,585,32,1444,1309,850,585,344
1000575,공항대로42길,5437,2657,2780,19,611,1033,1217,1366,1191,10,269,571,678,587,542,9,342,462,539,779,649
1000574,공항대로38길,3471,1552,1919,36,559,650,849,798,579,18,226,303,397,303,305,18,333,347,452,495,274
1000573,곰달래로60길,3235,1428,1807,9,424,751,824,776,451,1,125,328,396,328,250,8,299,423,428,448,201
1000572,곰달래로53길,1089,443,646,0,102,208,317,313,149,0,22,93,111,135,82,0,80,115,206,178,67
1000571,곰달래로47길,948,399,549,0,87,175,276,267,143,0,21,86,101,114,77,0,66,89,175,153,66
1000570,곰달래로31길,1577,621,956,1,189,316,413,408,250,1,68,139,163,122,128,0,121,177,250,286,122
1000569,곰달래로25길,1944,727,1217,3,232,391,499,500,319,0,70,161,210,138,148,3,162,230,289,362,171
1000568,개화동로25길,13793,9421,4372,23,3350,3704,2899,2500,1317,5,1400,2502,2329,2068,1117,18,1950,1202,570,432,200
1000567,개화동로23길,11116,6913,4203,21,2867,3029,1877,1928,1394,6,972,1920,1414,1563,1038,15,1895,1109,463,365,356
1000566,강서로8길,3988,2029,1959,4,483,894,976,1051,580,1,218,505,510,463,332,3,265,389,466,588,248
1000565,강서로5라길,2875,1508,1367,6,333,715,755,700,366,3,160,435,386,298,226,3,173,280,369,402,140
1000564,강서로5나길,2357,1458,899,6,193,350,527,781,500,3,103,221,347,468,316,3,90,129,180,313,184
1000563,강서로5가길,3034,1488,1546,4,365,653,722,821,469,1,159,373,395,339,221,3,206,280,327,482,248
1000562,강서로47라길,3066,1172,1894,8,384,670,808,853,343,3,69,230,284,375,211,5,315,440,524,478,132
1000561,강서로47길,2931,1108,1823,9,402,665,788,742,325,3,62,224,290,324,205,6,340,441,498,418,120
1000560,강서로45다길,2131,982,1149,3,251,310,477,619,471,1,75,122,217,294,273,2,176,188,260,325,198
1000559,강서로45길,1832,675,1157,5,223,331,443,543,287,1,54,132,162,192,134,4,169,199,281,351,153
1000558,강서로35길,2563,1256,1307,6,338,477,650,623,469,1,101,197,329,317,311,5,237,280,321,306,158
1000557,강서로29길,3418,1627,1791,6,397,688,889,891,547,2,130,314,423,423,335,4,267,374,466,468,212
1000556,강서로18길,1547,604,943,1,160,285,389,399,313,0,53,125,155,127,144,1,107,160,234,272,169
1000555,강서로17가길,1387,550,837,4,153,273,365,365,227,2,56,121,157,109,105,2,97,152,208,256,122
1000554,강서로15길,2418,1236,1182,13,238,438,619,682,428,7,92,209,329,349,250,6,146,229,290,333,178
1000553,가로공원로80길,1657,797,860,3,159,303,438,484,270,2,71,151,206,228,139,1,88,152,232,256,131
1000552,가로공원로76가길,2024,1079,945,10,191,346,523,596,358,6,85,165,273,325,225,4,106,181,250,271,133
1000551,화곡로4길,4025,2621,1404,4,295,628,772,930,1396,3,83,303,410,568,1254,1,212,325,362,362,142
1000550,화곡로3길,1710,767,943,1,199,363,507,457,183,1,53,144,228,209,132,0,146,219,279,248,51
1000549,지양로7길,1576,914,662,1,78,195,413,581,308,1,24,92,203,366,228,0,54,103,210,215,80
1000548,중앙로55길,3903,2122,1781,2,422,842,987,1094,556,1,208,498,529,552,334,1,214,344,458,542,222
1000547,중앙로51길,3015,1505,1510,2,292,572,787,870,492,1,145,297,362,429,271,1,147,275,425,441,221
1000546,중앙로47길,1392,556,836,2,158,221,346,402,263,0,39,88,133,165,131,2,119,133,213,237,132
1000545,중앙로45길,1885,873,1012,2,186,287,469,504,437,0,49,120,212,262,230,2,137,167,257,242,207
1000544,중앙로36길,2066,1052,1014,9,286,412,469,506,384,3,126,210,232,259,222,6,160,202,237,247,162
1000543,중앙로32길,3308,1963,1345,11,316,662,813,765,741,5,125,327,483,468,555,6,191,335,330,297,186
1000542,중앙로25길,1076,432,644,3,121,178,270,295,209,1,31,63,108,122,107,2,90,115,162,173,102
1000541,은행정로7길,3878,2348,1530,9,373,577,629,833,1457,5,154,299,318,419,1153,4,219,278,311,414,304
1000540,은행정로5길,1944,969,975,10,280,402,419,467,366,5,127,209,210,228,190,5,153,193,209,239,176
1000539,오목로5길,2906,1762,1144,3,216,460,664,890,673,2,90,274,333,538,525,1,126,186,331,352,148
1000538,오목로3길,3692,2519,1173,5,234,487,716,1200,1050,3,109,315,395,826,871,2,125,172,321,374,179
1000537,오목로30길,4402,2699,1703,9,336,587,784,1038,1648,8,140,289,402,573,1287,1,196,298,382,465,361
1000536,오목로23길,4013,2367,1646,6,406,833,939,987,842,6,206,510,529,532,584,0,200,323,410,455,258
1000535,신월로20길,1627,719,908,2,192,286,411,413,323,2,69,131,184,161,172,0,123,155,227,252,151
1000534,신월로15길,3158,1811,1347,5,227,422,706,950,848,4,92,206,304,561,644,1,135,216,402,389,204
1000533,신목로6길,2779,1082,1697,12,365,567,742,690,403,4,90,235,286,244,223,8,275,332,456,446,180
1000532,신목로5길,2135,954,1181,9,204,439,611,591,281,5,64,176,255,288,166,4,140,263,356,303,115
1000531,신목로2길,1764,779,985,8,169,323,504,480,280,4,48,145,210,193,179,4,121,178,294,287,101
1000530,목동중앙서로8가길,1563,850,713,5,154,264,376,411,353,1,62,136,200,205,246,4,92,128,176,206,107
1000529,목동중앙서로7길,2330,1212,1118,5,182,411,567,681,484,1,76,209,262,346,318,4,106,202,305,335,166
1000528,목동중앙북로8길,2806,1384,1422,4,300,516,618,652,716,4,114,269,316,289,392,0,186,247,302,363,324
1000527,목동중앙북로16길,2438,1469,969,0,250,532,818,574,264,0,79,310,535,367,178,0,171,222,283,207,86
1000526,목동중앙본로7길,1661,770,891,0,135,338,418,497,273,0,48,169,155,228,170,0,87,169,263,269,103
1000525,목동중앙로3길,1256,493,763,2,119,251,342,331,211,1,33,87,118,124,130,1,86,164,224,207,81
1000524,목동중앙로13나길,1997,1278,719,6,275,547,537,454,178,3,132,365,319,327,132,3,143,182,218,127,46
1000523,목동중앙남로3가길,1500,730,770,1,117,311,374,436,261,0,47,163,153,216,151,1,70,148,221,220,110
1000522,목동로9길,5321,2710,2611,15,567,1059,1322,1298,1060,7,190,480,689,659,685,8,377,579,633,639,375
1000521,목동로19길,7679,4136,3543,18,730,1429,1745,1748,2009,8,202,612,904,894,1516,10,528,817,841,854,493
1000520,목동동로8길,1938,820,1118,8,173,409,544,540,264,4,51,138,216,260,151,4,122,271,328,280,113
1000519,목동동로12길,6463,3616,2847,22,1111,1697,1664,1251,718,8,461,956,1032,732,427,14,650,741,632,519,291
1000518,목동남로4길,1598,850,748,2,203,332,348,353,360,0,103,200,168,180,199,2,100,132,180,173,161
1000517,남부순환로88길,2085,1643,442,0,101,225,432,621,706,0,38,134,317,503,651,0,63,91,115,118,55
1000516,남부순환로79길,1930,999,931,4,172,284,498,518,454,4,62,143,222,268,300,0,110,141,276,250,154
1000515,남부순환로70길,3380,2227,1153,6,192,380,743,1168,891,6,87,231,415,786,702,0,105,149,328,382,189
1000514,남부순환로58길,1595,800,795,7,172,304,443,450,219,6,96,167,207,203,121,1,76,137,236,247,98
1000513,남부순환로40길,3820,2514,1306,4,262,619,739,907,1289,3,78,312,395,565,1161,1,184,307,344,342,128
1000512,남부순환로33길,2978,1889,1089,2,208,434,542,617,1175,2,83,212,255,297,1040,0,125,222,287,320,135
1000511,곰달래로5길,3945,2397,1548,6,284,651,844,903,1257,5,116,347,416,451,1062,1,168,304,428,452,195
1000510,곰달래로3길,2378,1272,1106,6,190,398,638,765,381,3,90,200,326,412,241,3,100,198,312,353,140
1000509,곰달래로2길,3097,2122,975,9,221,384,736,1077,670,8,106,249,478,758,523,1,115,135,258,319,147
1000508,곰달래로10길,2812,1707,1105,9,225,465,686,873,554,6,94,273,399,541,394,3,131,192,287,332,160
1000507,가로공원로58길,2670,1554,1116,4,220,549,636,796,465,3,58,268,345,510,370,1,162,281,291,286,95
1000506,효창원로93길,4594,2134,2460,11,940,1115,1225,932,371,3,341,479,563,528,220,8,599,636,662,404,151
1000505,토정로37길,18387,11082,7305,96,2921,4578,4505,3718,2569,36,1284,2822,3113,2158,1669,60,1637,1756,1392,1560,900
1000504,월드컵로8길,20554,10893,9661,89,4207,6909,5197,2596,1556,26,1402,3400,3205,1784,1076,63,2805,3509,1992,812,480
1000503,월드컵로7길,13233,7584,5649,48,2502,4138,3457,1935,1153,16,873,2200,2329,1374,792,32,1629,1938,1128,561,361
1000502,월드컵로36길,5868,2272,3596,14,526,777,991,1845,1715,9,187,391,521,586,578,5,339,386,470,1259,1137
1000501,월드컵로25길,2094,1101,993,1,258,493,568,486,288,1,107,267,309,231,186,0,151,226,259,255,102
1000500,월드컵로19길,7020,3725,3295,34,1430,1480,1494,1280,1302,21,592,797,822,570,923,13,838,683,672,710,379
1000499,월드컵로16길,10157,5382,4775,37,2033,2494,2307,1733,1553,20,826,1303,1294,842,1097,17,1207,1191,1013,891,456
1000498,월드컵로11길,6101,3166,2935,28,1358,1338,1208,1104,1065,14,568,706,671,463,744,14,790,632,537,641,321
1000497,월드컵로10길,12516,6638,5878,66,2621,3274,2730,1965,1860,28,1072,1707,1591,955,1285,38,1549,1567,1139,1010,575
1000496,와우산로3길,5442,3283,2159,34,1697,1796,1064,552,299,24,827,1202,697,328,205,10,870,594,367,224,94
1000495,와우산로29길,5261,2557,2704,12,1203,1330,1176,894,646,3,570,751,575,356,302,9,633,579,601,538,344
1000494,와우산로29가길,6641,4154,2487,24,1473,1732,1540,1117,755,7,716,1105,1033,734,559,17,757,627,507,383,196
1000493,양화진길,9691,4998,4693,32,2079,3378,2440,1146,616,9,640,1652,1511,766,420,23,1439,1726,929,380,196
1000492,양화로1길,8411,4360,4051,30,1722,2808,2079,985,787,8,548,1351,1260,619,574,22,1174,1457,819,366,213
1000491,양화로11길,14766,8046,6720,60,2983,4817,3632,1997,1277,21,1077,2437,2231,1377,903,39,1906,2380,1401,620,374
1000490,신촌로30길,1026,357,669,7,145,266,268,198,142,6,24,71,90,85,81,1,121,195,178,113,61
1000489,신촌로28가길,765,276,489,8,92,217,214,148,86,6,18,57,70,70,55,2,74,160,144,78,31
1000488,신촌로12길,7231,3341,3890,17,1506,1775,1653,1327,953,4,575,870,841,589,462,13,931,905,812,738,491
1000487,숭문길,29628,17117,12511,188,4711,6095,6830,9771,2033,67,1766,3002,3491,7202,1589,121,2945,3093,3339,2569,444
1000486,숭문8길,10376,6612,3764,27,1245,2307,2737,2625,1435,7,606,1355,1802,1789,1053,20,639,952,935,836,382
1000485,성지3길,3331,1918,1413,5,666,1037,815,522,286,3,233,600,537,351,194,2,433,437,278,171,92
1000484,성산로4길,7318,3363,3955,20,814,1312,1410,2116,1646,12,314,717,841,864,615,8,500,595,569,1252,1031
1000483,성미산로32길,3511,1982,1529,15,738,1020,848,575,315,7,356,603,482,326,208,8,382,417,366,249,107
1000482,성미산로1길,7976,4200,3776,36,1420,1526,1775,1668,1551,24,588,827,971,743,1047,12,832,699,804,925,504
1000481,성미산로11길,5453,3152,2301,12,900,1504,1374,1035,628,6,363,861,848,633,441,6,537,643,526,402,187
1000480,백범로16길,38317,22289,16028,188,5819,8372,8952,11783,3203,68,2377,4620,4978,8017,2229,120,3442,3752,3974,3766,974
1000479,방울내로9안길,6304,2624,3680,17,627,945,1200,1931,1584,10,247,502,673,650,542,7,380,443,527,1281,1042
1000478,모래내로7길,1375,699,676,1,144,268,348,360,254,0,40,117,186,201,155,1,104,151,162,159,99
1000477,매봉산로2길,22115,13829,8286,33,4456,8278,5928,2510,910,14,1830,5118,4316,1830,721,19,2626,3160,1612,680,189
1000476,망원로2길,2741,1520,1221,4,429,727,713,568,300,3,183,415,415,293,211,1,246,312,298,275,89
1000475,망원로11길,4672,2670,2002,20,697,1038,1258,945,714,14,283,580,721,567,505,6,414,458,537,378,209
1000474,만리재옛길,9393,4824,4569,20,1655,2751,2470,1530,967,6,583,1303,1447,946,539,14,1072,1448,1023,584,428
1000473,마포대로4길,18429,10737,7692,97,3069,4460,4409,3751,2643,34,1310,2624,2943,2125,1701,63,1759,1836,1466,1626,942
1000472,마포대로20길,10927,6043,4884,20,2117,3542,2820,1514,914,5,990,1929,1703,905,511,15,1127,1613,1117,609,403
1000471,마포대로12길,23468,13573,9895,68,4692,7350,6379,3856,1123,30,1780,3936,4242,2776,809,38,2912,3414,2137,1080,314
1000470,동교로38길,4280,2480,1800,21,849,1242,1101,678,389,11,391,735,710,383,250,10,458,507,391,295,139
1000469,동교로27길,11433,5402,6031,47,2907,3455,2401,1529,1094,19,868,1748,1473,784,510,28,2039,1707,928,745,584
1000468,동교로25길,17150,8601,8549,62,3915,5008,3806,2689,1670,26,1178,2531,2364,1572,930,36,2737,2477,1442,1117,740
1000467,동교로19길,13036,7177,5859,44,2552,4008,3264,2090,1078,19,914,2066,2036,1364,778,25,1638,1942,1228,726,300
1000466,동교로17길,16994,9191,7803,65,3410,4674,3942,2891,2012,27,1310,2416,2398,1644,1396,38,2100,2258,1544,1247,616
1000465,독막로8길,6895,3868,3027,36,2098,2352,1373,678,358,21,897,1427,869,418,236,15,1201,925,504,260,122
1000464,독막로32길,4166,2306,1860,18,525,1026,1205,801,591,8,224,544,696,428,406,10,301,482,509,373,185
1000463,독막로22길,2683,1427,1256,12,479,792,641,475,284,8,178,401,385,273,182,4,301,391,256,202,102
1000462,도화길,26843,15869,10974,139,4794,6832,6510,5636,2932,50,2300,4174,4297,3168,1880,89,2494,2658,2213,2468,1052
1000461,도화4길,14793,7912,6881,111,2657,3453,3354,3258,1960,44,1220,2035,2000,1439,1174,67,1437,1418,1354,1819,786
1000460,대흥로28길,2344,923,1421,17,358,587,661,466,255,5,100,215,234,210,159,12,258,372,427,256,96
1000459,대흥로21길,6774,3254,3520,47,1116,1854,1657,1309,791,13,378,818,820,730,495,34,738,1036,837,579,296
1000458,광성로6길,3708,1902,1806,8,533,929,964,749,525,0,194,436,527,399,346,8,339,493,437,350,179
1000457,홍제내길,1111,532,579,0,138,210,274,291,198,0,29,95,145,141,122,0,109,115,129,150,76
1000456,홍연길,1502,881,621,0,131,238,354,447,332,0,46,126,188,281,240,0,85,112,166,166,92
1000455,통일로39길,1324,493,831,1,212,278,302,290,241,1,49,103,108,126,106,0,163,175,194,164,135
1000454,통일로37길,1591,599,992,2,255,353,390,348,243,2,53,129,142,149,124,0,202,224,248,199,119
1000453,통일로11길,1322,523,799,2,148,316,370,354,132,1,29,105,152,159,77,1,119,211,218,195,55
1000452,충정로6길,73203,43453,29750,128,11649,24296,21934,12330,2866,38,4894,13672,13741,8946,2162,90,6755,10624,8193,3384,704
1000451,충정로4길,29853,18344,11509,47,4790,10048,8109,4657,2202,21,2142,5962,5450,3182,1587,26,2648,4086,2659,1475,615
1000450,증가로6길,1479,896,583,4,118,230,354,444,329,2,38,116,207,285,248,2,80,114,147,159,81
1000449,증가로23나길,2271,1067,1204,5,238,406,562,637,423,3,88,182,229,303,262,2,150,224,333,334,161
1000448,증가로20가길,1572,738,834,6,177,296,440,394,259,3,56,110,171,205,193,3,121,186,269,189,66
1000447,증가로10길,1871,1030,841,5,207,336,458,496,369,2,76,161,236,292,263,3,131,175,222,204,106
1000446,응암로1길,3364,1951,1413,13,421,780,838,819,493,8,199,494,505,450,295,5,222,286,333,369,198
1000445,연희로10길,2020,1071,949,2,335,388,433,512,350,1,127,199,209,278,257,1,208,189,224,234,93
1000444,신촌로37길,5662,3175,2487,4,945,2002,1320,898,493,0,475,1176,810,458,256,4,470,826,510,440,237
1000443,수색로8길,4447,3641,806,7,229,407,527,817,2460,6,100,232,354,620,2329,1,129,175,173,197,131
1000442,세무서길,1866,666,1200,2,273,395,464,431,301,1,63,115,139,183,165,1,210,280,325,248,136
1000441,세무서2길,1837,685,1152,2,286,354,458,426,311,2,63,123,158,172,167,0,223,231,300,254,144
1000440,세검정로1길,1262,546,716,1,117,226,312,267,339,0,31,75,102,120,218,1,86,151,210,147,121
1000439,북아현로4길,6893,4235,2658,7,1013,2155,1476,1225,1017,1,509,1297,958,736,734,6,504,858,518,489,283
1000438,모래내로15길,1925,756,1169,0,265,407,522,415,316,0,66,140,192,176,182,0,199,267,330,239,134
1000437,명지대길,2195,1146,1049,6,293,450,535,596,315,2,115,205,256,341,227,4,178,245,279,255,88
1000436,독립문로8길,3270,1727,1543,8,417,736,955,784,370,3,154,352,542,442,234,5,263,384,413,342,136
1000435,가재울로6길,1521,797,724,4,199,297,370,388,263,2,50,126,204,227,188,2,149,171,166,161,75
1000434,통일로92길,1762,900,862,6,201,413,473,433,236,2,96,228,216,216,142,4,105,185,257,217,94
1000433,통일로87길,1728,761,967,6,200,347,464,408,303,2,74,169,185,172,159,4,126,178,279,236,144
1000432,통일로78길,2345,969,1376,9,335,444,547,535,475,5,120,184,225,199,236,4,215,260,322,336,239
1000431,통일로69길,1627,666,961,4,219,319,474,389,222,1,85,143,183,140,114,3,134,176,291,249,108
1000430,진흥로1길,5158,2557,2601,4,447,783,1080,1263,1581,1,179,419,568,655,735,3,268,364,512,608,846
1000429,진흥로12길,5070,2295,2775,10,721,1373,1332,1056,578,4,238,583,659,492,319,6,483,790,673,564,259
1000428,증산서길,4194,3434,760,8,198,365,521,781,2321,6,100,216,328,593,2191,2,98,149,193,188,130
1000427,증산로9길,2214,1300,914,8,283,568,579,480,296,5,148,359,343,249,196,3,135,209,236,231,100
1000426,증산로5길,1705,934,771,3,177,299,418,499,309,2,74,146,213,287,212,1,103,153,205,212,97
1000425,증산로21길,2169,1056,1113,3,219,390,540,585,432,2,76,187,250,290,251,1,143,203,290,295,181
1000424,증산로17길,2313,1069,1244,4,290,355,486,596,582,2,123,154,210,278,302,2,167,201,276,318,280
1000423,증산로15길,1568,781,787,2,127,219,312,431,477,2,52,96,152,228,251,0,75,123,160,203,226
1000422,증산로13길,1835,905,930,3,176,268,405,492,491,3,78,122,201,244,257,0,98,146,204,248,234
1000421,응암로34길,3251,1279,1972,7,297,525,636,683,1103,3,116,226,276,257,401,4,181,299,360,426,702
1000420,응암로22길,1259,563,696,2,141,313,333,320,150,2,56,126,146,165,68,0,85,187,187,155,82
1000419,응암로14길,2358,996,1362,4,345,504,669,542,294,3,145,216,261,219,152,1,200,288,408,323,142
1000418,응암로13길,2269,1053,1216,4,302,411,555,593,404,2,136,185,228,264,238,2,166,226,327,329,166
1000417,응암로12길,1610,664,946,3,186,309,467,421,224,3,73,128,184,166,110,0,113,181,283,255,114
1000416,은평로8길,4092,1873,2219,7,418,642,795,909,1321,4,163,325,393,403,585,3,255,317,402,506,736
1000415,은평로3길,2948,1483,1465,3,345,577,746,759,518,1,124,279,352,384,343,2,221,298,394,375,175
1000414,은평로20길,776,299,477,0,132,246,200,113,85,0,32,80,88,44,55,0,100,166,112,69,30
1000413,은평로13길,7999,3879,4120,10,711,1473,1868,2031,1906,5,278,667,898,1079,952,5,433,806,970,952,954
1000412,은평로10길,4092,1725,2367,7,327,588,805,975,1390,3,124,263,367,370,598,4,203,325,438,605,792
1000411,연서로5길,2381,1311,1070,3,210,390,552,638,588,0,90,191,288,351,391,3,120,199,264,287,197
1000410,연서로41길,1381,730,651,3,148,343,417,350,120,3,67,199,202,194,65,0,81,144,215,156,55
1000409,연서로3길,1316,638,678,2,151,256,375,334,198,0,64,128,154,154,138,2,87,128,221,180,60
1000408,연서로34길,1037,371,666,3,104,208,292,252,178,3,28,80,99,80,81,0,76,128,193,172,97
1000407,연서로33길,2063,703,1360,10,357,400,510,413,373,7,84,133,170,143,166,3,273,267,340,270,207
1000406,연서로29길,2118,766,1352,13,387,452,554,415,297,5,102,182,190,152,135,8,285,270,364,263,162
1000405,연서로28길,3322,1321,2001,14,548,677,839,704,540,6,171,287,343,259,255,8,377,390,496,445,285
1000404,연서로27길,2653,1148,1505,7,362,502,708,602,472,4,107,243,292,236,266,3,255,259,416,366,206
1000403,연서로21길,4098,2019,2079,8,407,607,989,1288,799,6,106,288,454,711,454,2,301,319,535,577,345
1000402,연서로17길,4035,1895,2140,8,420,644,980,1294,689,5,110,289,438,692,361,3,310,355,542,602,328
1000401,연서로16길,3899,1691,2208,4,447,667,954,1010,817,2,119,284,415,392,479,2,328,383,539,618,338
1000400,연서로13길,3891,1782,2109,11,437,633,941,1293,576,3,123,254,425,659,318,8,314,379,516,634,258
1000399,연서로11길,2770,1391,1379,6,285,463,641,743,632,0,111,212,324,354,390,6,174,251,317,389,242
1000398,역말로9길,2793,1067,1726,6,388,531,700,668,500,3,124,212,284,225,219,3,264,319,416,443,281
1000397,수색로18길,1148,456,692,9,249,277,246,218,149,4,41,93,107,123,88,5,208,184,139,95,61
1000396,서오릉로8길,1522,662,860,2,144,265,419,430,262,1,55,123,172,170,141,1,89,142,247,260,121
1000395,서오릉로21길,1980,1161,819,2,107,221,418,780,452,0,36,75,225,559,266,2,71,146,193,221,186
1000394,불광천길,2214,1033,1181,5,324,453,511,552,369,3,144,223,226,244,193,2,180,230,285,308,176
1000393,갈현로7길,2256,820,1436,2,319,544,529,591,271,0,90,188,199,196,147,2,229,356,330,395,124
1000392,갈현로41길,1091,506,585,3,102,226,279,277,204,0,39,116,126,125,100,3,63,110,153,152,104
1000391,갈현로33길,1382,492,890,5,152,356,363,337,169,2,30,146,121,110,83,3,122,210,242,227,86
1000390,갈현로1길,1474,635,839,2,170,285,403,355,259,1,46,139,167,134,148,1,124,146,236,221,111
1000389,가좌로7길,2053,1037,1016,3,178,355,538,589,390,2,64,149,227,313,282,1,114,206,311,276,108
1000388,한글비석로44길,1337,590,747,3,112,191,287,399,345,0,31,104,118,162,175,3,81,87,169,237,170
1000387,한글비석로24길,2224,961,1263,4,179,356,517,655,513,1,48,187,225,263,237,3,131,169,292,392,276
1000386,한글비석로22길,2486,963,1523,8,194,391,587,760,546,3,50,179,234,263,234,5,144,212,353,497,312
1000385,석계로1길,2035,1025,1010,6,253,273,483,589,431,2,87,121,245,286,284,4,166,152,238,303,147
1000384,상계로9가길,3119,1115,2004,3,336,511,728,916,625,2,89,234,268,286,236,1,247,277,460,630,389
1000383,상계로1길,2534,948,1586,16,450,487,574,644,363,3,133,219,219,214,160,13,317,268,355,430,203
1000382,상계로12길,3033,1112,1921,5,420,562,723,843,480,3,122,223,252,293,219,2,298,339,471,550,261
1000381,동일로242길,1958,1031,927,2,206,392,484,530,344,2,78,218,221,268,244,0,128,174,263,262,100
1000380,동일로192길,3924,2234,1690,5,316,572,824,1069,1138,3,136,317,430,622,726,2,180,255,394,447,412
1000379,동일로173가길,6738,3776,2962,18,699,1106,1497,1834,1584,11,313,698,830,922,1002,7,386,408,667,912,582
1000378,공릉로58길,4460,2246,2214,5,863,1225,951,956,460,4,285,567,488,584,318,1,578,658,463,372,142
1000377,해등로16길,3373,1631,1742,6,362,724,887,847,547,3,107,365,423,397,336,3,255,359,464,450,211
1000376,우이천로4다길,840,381,459,2,81,149,236,252,120,2,27,57,110,115,70,0,54,92,126,137,50
1000375,우이천로32길,1558,621,937,0,278,304,393,386,197,0,46,120,156,167,132,0,232,184,237,219,65
1000374,시루봉로23길,2060,1085,975,3,161,411,578,558,349,2,59,172,283,337,232,1,102,239,295,221,117
1000373,삼양로144길,1438,519,919,3,237,234,384,375,205,0,33,101,153,136,96,3,204,133,231,239,109
1000372,방학로6가길,2040,922,1118,4,187,352,502,569,426,0,66,203,242,229,182,4,121,149,260,340,244
1000371,방학로5길,3935,2049,1886,7,423,630,844,1020,1011,4,126,318,398,521,682,3,297,312,446,499,329
1000370,방학로15길,1305,621,684,0,135,267,336,356,211,0,37,93,162,163,166,0,98,174,174,193,45
1000369,방학로10길,1670,636,1034,1,151,307,422,462,327,0,43,129,165,149,150,1,108,178,257,313,177
1000368,도봉산길,953,590,363,2,59,105,266,318,203,1,21,61,148,209,150,1,38,44,118,109,53
1000367,도봉산4길,1418,1075,343,1,50,120,357,556,334,1,25,94,256,449,250,0,25,26,101,107,84
1000366,도봉로181길,1252,741,511,2,93,150,313,419,275,1,24,72,158,265,221,1,69,78,155,154,54
1000365,도봉로169나길,1570,889,681,1,109,330,396,447,287,1,30,137,215,298,208,0,79,193,181,149,79
1000364,도봉로156길,2106,1093,1013,3,181,443,599,528,352,2,72,189,296,311,223,1,109,254,303,217,129
1000363,도봉로152가길,2412,1400,1012,5,248,533,644,568,414,2,110,258,363,371,296,3,138,275,281,197,118
1000362,도봉로147길,4034,2297,1737,21,539,880,1028,1002,564,12,257,557,594,546,331,9,282,323,434,456,233
1000361,도봉로143길,2791,1536,1255,7,254,400,643,820,667,2,81,228,365,461,399,5,173,172,278,359,268
1000360,도봉로114길,2424,1072,1352,10,380,554,582,602,296,7,110,253,262,269,171,3,270,301,320,333,125
1000359,도봉로109길,2804,1334,1470,7,555,603,652,653,334,4,140,271,306,369,244,3,415,332,346,284,90
1000358,도당로29길,6893,3901,2992,21,698,1357,1541,1579,1697,15,329,704,780,914,1159,6,369,653,761,665,538
1000357,도당로19길,2478,1392,1086,15,362,542,641,607,311,11,178,316,335,342,210,4,184,226,306,265,101
1000356,도당로13바길,1349,559,790,1,130,284,374,387,173,0,55,131,155,137,81,1,75,153,219,250,92
1000355,도당로13가길,1173,528,645,1,128,202,337,318,187,0,54,108,152,123,91,1,74,94,185,195,96
1000354,덕릉로60길,1563,670,893,16,179,306,436,430,196,10,68,129,183,169,111,6,111,177,253,261,85
1000353,노해로63다길,1758,873,885,3,205,361,446,422,321,0,62,168,213,201,229,3,143,193,233,221,92
1000352,노해로60길,2643,1186,1457,8,417,615,647,655,301,5,135,283,296,298,169,3,282,332,351,357,132
1000351,한천로140길,2834,1363,1471,4,480,582,687,698,383,1,122,274,324,380,262,3,358,308,363,318,121
1000350,한천로139가길,7029,3397,3632,13,732,1394,1533,1587,1770,7,267,647,772,889,815,6,465,747,761,698,955
1000349,한천로132길,5433,3015,2418,11,580,1219,1276,1468,879,6,221,674,679,920,515,5,359,545,597,548,364
1000348,한천로130길,2031,970,1061,4,179,320,516,602,410,1,58,157,204,304,246,3,121,163,312,298,164
1000347,한천로124나길,3125,2028,1097,3,279,554,735,1017,537,1,134,379,449,712,353,2,145,175,286,305,184
1000346,한천로109길,1630,803,827,3,201,278,416,426,306,2,70,124,203,215,189,1,131,154,213,211,117
1000345,인수봉로79길,1473,715,758,2,191,344,395,355,186,2,71,135,189,205,113,0,120,209,206,150,73
1000344,인수봉로72길,1444,701,743,2,141,262,379,396,264,2,53,124,194,178,150,0,88,138,185,218,114
1000343,인수봉로56길,1249,513,736,0,87,138,260,467,297,0,16,66,92,181,158,0,71,72,168,286,139
1000342,오패산로67길,7174,3825,3349,14,827,1561,1620,1844,1308,6,300,821,856,1096,746,8,527,740,764,748,562
1000341,오패산로52길,701,272,429,1,68,174,190,196,72,0,18,60,78,84,32,1,50,114,112,112,40
1000340,오패산로30길,998,394,604,2,130,202,315,221,128,1,46,67,119,94,67,1,84,135,196,127,61
1000339,수유로12길,2936,1375,1561,6,353,478,643,793,663,1,125,241,274,347,387,5,228,237,369,446,276
1000338,솔샘로65길,2183,978,1205,6,208,456,602,589,322,3,72,199,262,258,184,3,136,257,340,331,138
1000337,솔매로50길,2670,1121,1549,7,362,616,687,662,336,3,103,241,298,284,192,4,259,375,389,378,144
1000336,솔매로45길,2160,906,1254,2,359,450,506,486,357,0,103,172,221,205,205,2,256,278,285,281,152
1000335,솔매로41길,1832,770,1062,2,289,372,457,416,296,0,88,142,196,173,171,2,201,230,261,243,125
1000334,삼양로93길,2004,909,1095,0,192,311,433,653,415,0,50,158,188,271,242,0,142,153,245,382,173
1000333,삼양로77길,943,385,558,1,110,182,259,236,155,1,34,76,85,96,93,0,76,106,174,140,62
1000332,삼양로54길,1369,638,731,1,118,224,354,407,265,0,34,101,171,180,152,1,84,123,183,227,113
1000331,삼양로41길,2025,766,1259,0,266,411,535,503,310,0,56,143,203,206,158,0,210,268,332,297,152
1000330,삼양로27길,1295,496,799,3,147,260,397,318,170,1,48,105,152,111,79,2,99,155,245,207,91
1000329,삼양로24길,1669,760,909,3,174,354,475,419,244,0,62,166,199,189,144,3,112,188,276,230,100
1000328,삼양로20길,638,245,393,2,73,141,188,166,68,1,19,47,60,71,47,1,54,94,128,95,21
1000327,삼각산로28길,6880,3532,3348,10,714,1314,1499,1825,1518,7,251,608,735,1033,898,3,463,706,764,792,620
1000326,도봉로99길,2293,1044,1249,3,440,491,556,546,257,0,111,242,272,275,144,3,329,249,284,271,113
1000325,도봉로8길,1719,705,1014,6,331,440,405,328,209,5,112,184,172,122,110,1,219,256,233,206,99
1000324,도봉로76길,4267,2267,2000,6,529,896,954,1102,780,1,201,521,513,586,445,5,328,375,441,516,335
1000323,도봉로67길,1382,594,788,0,190,236,323,345,288,0,58,81,130,149,176,0,132,155,193,196,112
1000322,도봉로45길,1949,820,1129,5,291,450,502,457,244,3,88,169,210,202,148,2,203,281,292,255,96
1000321,도봉로18길,1199,489,710,5,127,260,350,301,156,2,35,101,147,113,91,3,92,159,203,188,65
1000320,도봉로13길,1682,719,963,6,287,373,421,381,214,4,76,161,179,168,131,2,211,212,242,213,83
1000319,덕릉로41길,7281,4068,3213,11,769,1490,1644,2049,1318,6,279,784,899,1323,777,5,490,706,745,726,541
1000318,덕릉로40길,2265,1476,789,2,160,264,558,808,473,1,78,142,332,588,335,1,82,122,226,220,138
1000317,노해로33길,1538,566,972,3,244,274,378,413,226,0,37,103,158,169,99,3,207,171,220,244,127
1000316,노해로23길,2474,1031,1443,7,199,339,473,566,890,1,81,180,245,242,282,6,118,159,228,324,608
1000315,노해로17길,3673,1567,2106,5,376,601,764,783,1144,2,153,304,364,323,421,3,223,297,400,460,723
1000314,화랑로40길,3293,2036,1257,6,296,417,646,715,1213,2,97,222,381,398,936,4,199,195,265,317,277
1000313,화랑로32길,1957,1022,935,9,246,469,499,376,358,2,73,269,254,188,236,7,173,200,245,188,122
1000312,화랑로1길,4826,2962,1864,28,650,976,1141,1055,976,12,292,623,709,642,684,16,358,353,432,413,292
1000311,화랑로19길,1920,1027,893,2,208,434,531,437,308,0,91,204,284,218,230,2,117,230,247,219,78
1000310,화랑로14길,3515,2039,1476,10,686,1043,787,614,375,2,330,673,434,355,245,8,356,370,353,259,130
1000309,화랑로13길,3928,2133,1795,8,831,1094,850,716,429,2,329,676,481,396,249,6,502,418,369,320,180
1000308,한천로76길,2890,1692,1198,5,218,373,569,613,1112,2,62,170,306,329,823,3,156,203,263,284,289
1000307,한천로101가길,1065,484,581,4,129,206,275,288,163,3,49,86,115,132,99,1,80,120,160,156,64
1000306,창경궁로43길,4425,1894,2531,26,768,1105,1303,869,354,10,206,478,574,407,219,16,562,627,729,462,135
1000305,지봉로20길,5945,3269,2676,15,638,1031,1208,1267,1786,5,259,598,607,630,1170,10,379,433,601,637,616
1000304,종암로5길,1766,933,833,3,221,529,424,404,185,1,82,290,217,223,120,2,139,239,207,181,65
1000303,종암로24가길,2110,903,1207,7,303,439,535,519,307,1,89,224,253,205,131,6,214,215,282,314,176
1000302,종암로21길,3443,1981,1462,8,369,573,781,815,897,2,158,358,425,444,594,6,211,215,356,371,303
1000301,종암로19길,1812,659,1153,8,300,347,438,453,266,2,85,148,176,144,104,6,215,199,262,309,162
1000300,종암로16길,1826,699,1127,6,284,409,470,439,218,2,80,160,178,167,112,4,204,249,292,272,106
1000299,정릉로8길,2446,1489,957,0,278,491,736,653,288,0,78,230,464,484,233,0,200,261,272,169,55
1000298,정릉로27길,2107,1051,1056,10,218,337,552,620,370,5,71,140,239,338,258,5,147,197,313,282,112
1000297,정릉로26길,1449,633,816,6,189,373,393,315,173,3,66,144,164,144,112,3,123,229,229,171,61
1000296,장위로50길,1686,1011,675,1,195,272,380,482,356,0,72,162,225,279,273,1,123,110,155,203,83
1000295,장월로1길,3631,2144,1487,7,735,1068,750,656,415,2,352,680,447,376,287,5,383,388,303,280,128
1000294,인촌로6길,5558,3116,2442,13,624,946,1099,1167,1709,4,254,559,563,601,1135,9,370,387,536,566,574
1000293,인촌로5길,3841,2030,1811,15,747,696,888,885,610,5,213,354,475,555,428,10,534,342,413,330,182
1000292,인촌로24길,2079,1153,926,15,350,484,569,382,279,3,154,296,320,204,176,12,196,188,249,178,103
1000291,개운사길,7671,3753,3918,15,1363,2431,1958,1404,500,4,356,966,1116,938,373,11,1007,1465,842,466,127
1000290,인촌로1길,7054,4045,3009,17,800,1520,1687,1826,1204,5,346,810,973,1161,750,12,454,710,714,665,454
1000289,인촌로17가길,4175,1660,2515,6,999,1335,1022,637,176,2,226,446,516,349,121,4,773,889,506,288,55
1000288,오패산로4길,5387,3029,2358,15,1072,1455,1253,1022,570,3,435,908,770,580,333,12,637,547,483,442,237
1000287,오패산로3길,2268,1117,1151,10,371,523,606,509,249,3,125,267,343,245,134,7,246,256,263,264,115
1000286,오패산로19길,2849,1316,1533,8,505,713,763,568,292,3,194,337,387,251,144,5,311,376,376,317,148
1000285,안암로5길,6898,3968,2930,20,797,1195,1501,1451,1934,6,341,713,838,795,1275,14,456,482,663,656,659
1000284,아리랑로4길,4867,2178,2689,20,686,860,951,981,1369,10,254,387,466,466,595,10,432,473,485,515,774
1000283,솔샘로6길,1204,668,536,2,139,182,289,346,246,1,43,101,151,207,165,1,96,81,138,139,81
1000282,성북로8길,3554,1692,1862,24,566,850,1019,762,333,10,200,424,497,370,191,14,366,426,522,392,142
1000281,삼양로8길,2150,853,1297,18,354,536,582,416,244,11,107,216,230,168,121,7,247,320,352,248,123
1000280,삼선교로16가길,1510,780,730,1,262,296,390,366,195,1,114,135,197,207,126,0,148,161,193,159,69
1000279,삼선교로10다길,2218,1094,1124,7,470,503,542,451,245,3,168,233,282,244,164,4,302,270,260,207,81
1000278,삼선교로10길,1466,729,737,2,198,331,379,328,228,2,77,182,181,150,137,0,121,149,198,178,91
1000277,보문로32길,6772,3819,2953,20,1053,1480,1598,1752,869,7,328,699,898,1264,623,13,725,781,700,488,246
1000276,보문로31길,5849,3030,2819,8,638,1326,1422,1613,842,1,229,609,741,968,482,7,409,717,681,645,360
1000275,보문로26길,6733,3252,3481,11,1272,1737,1510,1272,931,4,380,741,852,697,578,7,892,996,658,575,353
1000274,보문로13길,5562,3098,2464,15,598,951,1092,1164,1742,4,248,560,555,588,1143,11,350,391,537,576,599
1000273,보국문로16길,2346,1315,1031,5,273,408,542,660,458,2,69,182,291,434,337,3,204,226,251,226,121
1000272,동소문로6길,2680,1297,1383,26,409,528,722,654,341,12,140,293,365,300,187,14,269,235,357,354,154
1000271,동소문로2길,2751,1385,1366,26,424,550,740,668,343,12,156,328,393,310,186,14,268,222,347,358,157
1000270,동소문로26가길,5726,2885,2841,24,1146,1131,1236,1285,904,11,365,534,644,747,584,13,781,597,592,538,320
1000269,동소문로15길,8344,4140,4204,20,1036,1645,1758,2034,1851,9,378,739,921,1195,898,11,658,906,837,839,953
1000268,동소문로13길,9236,4623,4613,20,1184,1930,2003,2156,1943,7,430,928,1052,1245,961,13,754,1002,951,911,982
1000267,돌곶이로8길,1584,844,740,7,167,380,408,377,245,1,49,217,219,214,144,6,118,163,189,163,101
1000266,돌곶이로41길,794,388,406,3,90,138,207,207,149,3,30,66,91,103,95,0,60,72,116,104,54
1000265,돌곶이로28길,3257,2065,1192,1,282,431,532,667,1344,0,96,230,292,376,1071,1,186,201,240,291,273
1000264,돌곶이로27길,1831,957,874,2,194,366,453,415,401,0,68,177,210,211,291,2,126,189,243,204,110
1000263,돌곶이로22길,3622,2203,1419,8,349,608,676,659,1322,1,114,360,370,348,1010,7,235,248,306,311,312
1000262,돌곶이로14길,1420,735,685,7,154,371,377,305,206,1,46,218,210,160,100,6,108,153,167,145,106
1000261,길음로7길,1434,523,911,8,158,209,342,391,326,3,44,88,128,115,145,5,114,121,214,276,181
1000260,중랑천로10길,4620,3064,1556,23,511,1004,1309,1267,506,14,251,627,888,930,354,9,260,377,421,337,152
1000259,용마산로94길,1911,1133,778,0,205,241,409,574,482,0,77,101,231,355,369,0,128,140,178,219,113
1000258,용마산로118길,2733,1294,1439,3,348,519,653,724,486,1,97,218,279,359,340,2,251,301,374,365,146
1000257,용마산로112길,1602,741,861,2,196,314,423,398,269,1,70,145,197,181,147,1,126,169,226,217,122
1000256,용마산로100길,1406,722,684,3,116,209,340,382,356,2,27,91,164,208,230,1,89,118,176,174,126
1000255,신내로7가길,3245,1722,1523,6,403,488,717,987,644,2,134,218,344,570,454,4,269,270,373,417,190
1000254,사가정로54길,1483,669,814,3,214,299,339,379,249,0,44,103,154,189,179,3,170,196,185,190,70
1000253,사가정로42길,1857,939,918,3,216,409,477,448,304,0,64,190,235,237,213,3,152,219,242,211,91
1000252,봉화산로56길,2774,1289,1485,2,287,512,681,816,476,1,80,255,318,377,258,1,207,257,363,439,218
1000251,봉화산로4길,1943,975,968,2,177,347,516,502,399,2,67,169,255,232,250,0,110,178,261,270,149
1000250,봉화산로30길,4299,2371,1928,18,541,736,1017,1262,725,13,211,366,524,718,539,5,330,370,493,544,186
1000249,봉우재로33길,4907,2808,2099,16,707,1114,1252,1088,730,4,311,697,642,601,553,12,396,417,610,487,177
1000248,면목로78길,4140,2250,1890,17,528,946,1150,918,581,5,234,606,575,431,399,12,294,340,575,487,182
1000247,면목로56길,1959,1032,927,2,177,320,473,590,397,1,66,153,249,302,261,1,111,167,224,288,136
1000246,면목로55길,1940,872,1068,2,299,465,475,423,276,1,77,199,231,197,167,1,222,266,244,226,109
1000245,면목로49길,2362,946,1416,4,413,601,579,479,286,1,94,243,265,194,149,3,319,358,314,285,137
1000244,면목로48길,1719,833,886,3,197,322,418,470,309,1,58,129,197,242,206,2,139,193,221,228,103
1000243,면목로45길,2323,933,1390,5,400,583,566,476,293,1,95,227,259,201,150,4,305,356,307,275,143
1000242,면목로33길,1910,1137,773,2,177,319,504,650,258,0,55,164,287,448,183,2,122,155,217,202,75
1000241,면목로21길,1514,977,537,1,114,204,374,557,264,0,31,97,238,419,192,1,83,107,136,138,72
1000240,망우로73길,1522,838,684,2,169,290,390,399,272,1,72,144,183,239,199,1,97,146,207,160,73
1000239,망우로68길,3574,1731,1843,9,395,601,792,969,808,2,122,248,362,490,507,7,273,353,430,479,301
1000238,동일로163길,2445,1506,939,3,329,621,632,625,235,1,157,379,393,437,139,2,172,242,239,188,96
1000237,동일로157길,3991,2414,1577,4,449,858,943,901,836,1,211,518,563,562,559,3,238,340,380,339,277
1000236,동일로149길,2820,1802,1018,0,313,619,630,600,658,0,173,391,396,389,453,0,140,228,234,211,205
1000235,동일로140길,3228,1644,1584,4,298,605,747,720,854,2,108,280,375,313,566,2,190,325,372,407,288
1000234,동일로139길,2420,1318,1102,2,187,379,517,517,818,2,69,198,279,228,542,0,118,181,238,289,276
1000233,동일로139가길,3739,2350,1389,5,400,777,851,840,866,3,212,482,545,519,589,2,188,295,306,321,277
1000232,동일로130길,2341,1142,1199,2,255,437,636,609,402,1,95,184,304,289,269,1,160,253,332,320,133
1000231,동일로123길,3046,1685,1361,3,305,532,790,817,599,2,115,261,435,454,418,1,190,271,355,363,181
1000230,동일로112길,6492,3634,2858,19,890,1448,1727,1495,913,7,367,852,927,831,650,12,523,596,800,664,263
1000229,동일로101길,1947,930,1017,3,203,366,538,542,295,2,67,167,251,251,192,1,136,199,287,291,103
1000228,동일로100길,4272,2337,1935,14,564,1051,1257,925,461,5,268,677,664,429,294,9,296,374,593,496,167
1000227,답십리로75길,1868,1223,645,2,152,297,486,636,295,0,52,159,296,480,236,2,100,138,190,156,59
1000226,공릉로2길,1769,886,883,4,210,382,448,442,283,1,55,194,235,234,167,3,155,188,213,208,116
1000225,공릉로12가길,1882,817,1065,2,177,340,470,530,363,0,74,147,177,220,199,2,103,193,293,310,164
1000224,겸재로54길,2545,1275,1270,7,233,389,612,765,539,3,76,177,314,371,334,4,157,212,298,394,205
1000223,겸재로36길,2377,1125,1252,5,344,505,566,566,391,2,89,218,276,287,253,3,255,287,290,279,138
1000222,겸재로29길,4122,2325,1797,16,520,978,1200,894,514,5,246,647,635,453,339,11,274,331,565,441,175
1000221,휘경로3길,1078,425,653,4,162,204,281,257,170,3,40,77,108,106,91,1,122,127,173,151,79
1000220,휘경로2길,757,312,445,3,132,143,174,177,128,2,35,70,75,72,58,1,97,73,99,105,70
1000219,휘경로23길,831,370,461,1,91,125,229,212,173,1,23,51,103,100,92,0,68,74,126,112,81
1000218,휘경로14길,1589,730,859,7,245,315,355,339,328,4,68,158,175,159,166,3,177,157,180,180,162
1000217,한천로46길,3490,1963,1527,4,398,867,931,828,462,3,226,451,518,455,310,1,172,416,413,373,152
1000216,한천로40길,2540,1509,1031,3,306,519,616,682,414,2,212,337,357,358,243,1,94,182,259,324,171
1000215,한천로33길,2110,953,1157,2,225,405,525,571,382,2,98,205,215,233,200,0,127,200,310,338,182
1000214,한천로14길,8346,5181,3165,15,1088,1862,1947,1916,1518,3,557,1199,1303,1177,942,12,531,663,644,739,576
1000213,천호대로97길,6423,4162,2261,19,790,1413,1451,1292,1458,7,404,930,899,808,1114,12,386,483,552,484,344
1000212,천호대로77길,13441,8465,4976,61,2259,3010,2642,2689,2780,14,1054,1975,1839,1731,1852,47,1205,1035,803,958,928
1000211,천호대로45길,5812,3649,2163,0,796,1464,1552,1426,574,0,462,925,944,934,384,0,334,539,608,492,190
1000210,천호대로17길,12675,8387,4288,37,1769,3192,2993,2944,1740,18,799,1966,2188,2149,1267,19,970,1226,805,795,473
1000209,천호대로12길,15131,9069,6062,71,1939,3707,4316,3154,1944,40,1017,2457,2576,1752,1227,31,922,1250,1740,1402,717
1000208,천장산로7길,6686,3154,3532,3,1018,1838,1828,1475,524,0,262,720,897,857,418,3,756,1118,931,618,106
1000207,제기로5길,881,468,413,4,71,155,270,228,153,2,22,103,146,112,83,2,49,52,124,116,70
1000206,제기로21길,3163,1780,1383,0,425,917,760,702,359,0,153,507,470,430,220,0,272,410,290,272,139
1000205,전농로4길,9905,6191,3714,17,1813,2456,2045,1914,1660,12,935,1624,1353,1133,1134,5,878,832,692,781,526
1000204,전농로3길,2142,1096,1046,5,250,412,576,480,419,5,96,210,299,225,261,0,154,202,277,255,158
1000203,전농로29길,5278,3251,2027,2,734,1409,1451,1158,524,0,426,828,939,713,345,2,308,581,512,445,179
1000202,장한로8길,8560,5516,3044,28,1162,1871,1999,1821,1679,7,553,1170,1300,1208,1278,21,609,701,699,613,401
1000201,장한로5길,12058,7551,4507,54,1768,2762,2594,2371,2509,11,882,1750,1734,1512,1662,43,886,1012,860,859,847
1000200,장한로27길,4947,2261,2686,15,691,974,1243,1253,771,9,235,470,568,556,423,6,456,504,675,697,348
1000199,장한로27가길,4264,1937,2327,13,599,840,1093,1110,609,8,205,400,498,497,329,5,394,440,595,613,280
1000198,장한로26길,2135,1077,1058,8,309,455,532,480,351,3,88,220,277,257,232,5,221,235,255,223,119
1000197,장한로26가길,3316,1759,1557,7,464,750,860,784,451,1,168,408,491,389,302,6,296,342,369,395,149
1000196,장한로25길,3682,1751,1931,15,550,773,910,858,576,7,177,377,447,417,326,8,373,396,463,441,250
1000195,장한로14길,5777,3757,2020,13,885,1381,1411,1330,757,2,434,892,952,876,601,11,451,489,459,454,156
1000194,이문로42길,990,401,589,2,129,171,263,241,184,2,30,67,100,101,101,0,99,104,163,140,83
1000193,왕산로43길,5807,3819,1988,18,1048,1479,1414,1157,691,10,626,1063,968,710,442,8,422,416,446,447,249
1000192,왕산로33길,3090,2056,1034,17,486,701,666,683,537,11,283,488,463,440,371,6,203,213,203,243,166
1000191,왕산로32길,6421,4005,2416,0,872,1583,1680,1578,708,0,496,1000,1028,1018,463,0,376,583,652,560,245
1000190,약령시로17길,3412,2142,1270,17,485,720,781,803,606,11,274,488,510,475,384,6,211,232,271,328,222
1000189,서울시립대로4길,4559,3083,1476,3,708,1055,1249,943,601,2,461,777,831,587,425,1,247,278,418,356,176
1000188,서울시립대로29길,1702,846,856,5,242,409,429,416,201,2,94,202,238,192,118,3,148,207,191,224,83
1000187,서울시립대로16길,3632,2389,1243,2,575,990,1028,706,331,0,375,695,702,424,193,2,200,295,326,282,138
1000186,사가정로2길,3860,2144,1716,7,428,803,1011,824,787,5,204,460,509,430,536,2,224,343,502,394,251
1000185,사가정로23가길,3117,1755,1362,4,370,714,775,739,515,3,221,394,425,392,320,1,149,320,350,347,195
1000184,사가정로13길,2759,1315,1444,2,299,705,733,698,322,0,89,242,377,390,217,2,210,463,356,308,105
1000183,무학로45길,4250,2454,1796,9,689,1103,1097,769,583,4,281,589,687,490,403,5,408,514,410,279,180
1000182,무학로16길,12958,8898,4060,44,1779,3215,3204,3117,1599,19,893,2130,2483,2269,1104,25,886,1085,721,848,495
1000181,망우로21길,2511,1145,1366,8,353,552,613,513,472,2,110,269,277,209,278,6,243,283,336,304,194
1000180,망우로18길,3031,1241,1790,8,600,743,673,617,390,2,161,334,282,214,248,6,439,409,391,403,142
1000179,망우로18가길,3095,1239,1856,8,614,769,691,633,380,2,163,336,282,211,245,6,451,433,409,422,135
1000178,답십리로72길,3092,1688,1404,5,404,646,802,768,467,1,137,346,460,400,344,4,267,300,342,368,123
1000177,답십리로69길,4094,2261,1833,5,567,851,996,1025,650,4,283,450,543,553,428,1,284,401,453,472,222
1000176,답십리로68길,3833,1994,1839,8,528,843,999,914,541,4,195,459,563,450,323,4,333,384,436,464,218
1000175,답십리로64길,4157,2206,1951,8,518,827,1031,1019,754,5,202,446,571,528,454,3,316,381,460,491,300
1000174,답십리로63길,2630,1226,1404,6,304,461,629,755,475,3,116,244,291,333,239,3,188,217,338,422,236
1000173,답십리로60길,3359,1924,1435,3,384,687,825,822,638,2,177,400,502,451,392,1,207,287,323,371,246
1000172,답십리로56길,3206,1698,1508,3,357,620,822,772,632,2,141,327,447,389,392,1,216,293,375,383,240
1000171,답십리로23길,2952,2076,876,0,492,795,842,569,254,0,345,608,603,372,148,0,147,187,239,197,106
1000170,난계로30길,15916,8172,7744,77,1757,3154,4038,3891,2999,46,777,1856,2004,1769,1720,31,980,1298,2034,2122,1279
1000169,경희대로4길,6578,2967,3611,9,1117,1873,1712,1341,526,0,311,785,823,677,371,9,806,1088,889,664,155
1000168,경희대로3길,7076,3327,3749,12,1281,2108,1786,1370,519,1,376,922,896,750,382,11,905,1186,890,620,137
1000167,천호대로129길,2933,1409,1524,24,414,681,753,646,415,5,156,309,378,307,254,19,258,372,375,339,161
1000166,천호대로123길,4232,2156,2076,18,516,968,1089,1009,632,5,186,470,532,523,440,13,330,498,557,486,192
1000165,천호대로109길,5217,3130,2087,19,716,1271,1408,1099,704,10,334,754,880,671,481,9,382,517,528,428,223
1000164,자양번영로3길,1972,1043,929,5,191,344,541,569,322,4,75,144,289,315,216,1,116,200,252,254,106
1000163,자양로53길,2146,1014,1132,3,221,382,601,578,361,1,75,183,278,267,210,2,146,199,323,311,151
1000162,자양로50길,2594,1197,1397,21,359,602,654,610,348,6,138,261,329,270,193,15,221,341,325,340,155
1000161,자양로45길,3515,1707,1808,21,445,751,908,869,521,2,163,360,443,417,322,19,282,391,465,452,199
1000160,자양로26길,16464,12369,4095,11,821,2456,4779,6602,1795,6,448,1777,3696,5138,1304,5,373,679,1083,1464,491
1000159,자양로15길,6423,4133,2290,20,800,1191,1760,1817,835,10,310,702,1241,1269,601,10,490,489,519,548,234
1000158,자양로11길,5958,3766,2192,15,664,1163,1650,1729,737,8,256,684,1168,1171,479,7,408,479,482,558,258
1000157,용마산로3길,4209,2280,1929,18,554,941,1060,957,679,8,228,502,540,515,487,10,326,439,520,442,192
1000156,용마산로21길,3130,1561,1569,5,310,625,776,917,497,2,85,299,374,486,315,3,225,326,402,431,182
1000155,아차산로78길,4627,2594,2033,14,699,1273,1104,935,602,6,231,669,704,565,419,8,468,604,400,370,183
1000154,아차산로65길,4610,2405,2205,12,621,902,991,988,1096,8,271,519,571,485,551,4,350,383,420,503,545
1000153,아차산로55길,8570,5008,3562,10,544,1549,2587,2893,987,7,277,937,1622,1592,573,3,267,612,965,1301,414
1000152,아차산로51길,16900,13324,3576,14,906,2516,4953,6726,1785,7,459,1694,4013,5694,1457,7,447,822,940,1032,328
1000151,아차산로40길,5109,2903,2206,8,723,1177,1275,1229,697,5,270,575,748,791,514,3,453,602,527,438,183
1000150,면목로17길,2158,1284,874,4,254,424,490,555,431,0,107,231,275,358,313,4,147,193,215,197,118
1000149,뚝섬로64길,6393,4438,1955,19,524,1236,1832,1957,825,9,316,819,1338,1362,594,10,208,417,494,595,231
1000148,뚝섬로58길,4088,2716,1372,4,253,677,1196,1403,555,2,139,423,879,923,350,2,114,254,317,480,205
1000147,뚝섬로54길,1273,600,673,0,92,249,336,322,274,0,32,109,147,147,165,0,60,140,189,175,109
1000146,뚝섬로48길,2207,1188,1019,4,282,398,545,571,407,2,99,187,309,328,263,2,183,211,236,243,144
1000145,뚝섬로24길,1847,1248,599,3,198,351,400,397,498,3,101,251,233,246,414,0,97,100,167,151,84
1000144,뚝섬로23길,3797,2204,1593,15,661,888,850,736,647,8,305,536,456,396,503,7,356,352,394,340,144
1000143,동일로24길,5726,3578,2148,20,925,1331,1465,1243,742,6,444,898,981,734,515,14,481,433,484,509,227
1000142,동일로18길,7899,4996,2903,35,1203,1864,2055,1762,980,23,589,1246,1368,1080,690,12,614,618,687,682,290
1000141,능동로4길,1499,855,644,8,161,269,307,314,440,4,57,130,147,157,360,4,104,139,160,157,80
1000140,능동로3길,1716,922,794,8,194,290,350,385,489,4,69,133,143,186,387,4,125,157,207,199,102
1000139,능동로34길,6533,3440,3093,28,916,1645,1653,1410,881,11,377,832,850,738,632,17,539,813,803,672,249
1000138,능동로19길,3392,1653,1739,12,679,872,857,673,299,4,280,397,427,339,206,8,399,475,430,334,93
1000137,능동로13길,6722,3336,3386,16,1472,1936,1535,1164,599,7,485,924,892,597,431,9,987,1012,643,567,168
1000136,긴고랑로9길,2786,1397,1389,7,332,564,708,748,427,2,110,296,340,402,247,5,222,268,368,346,180
1000135,긴고랑로8길,6324,3786,2538,22,988,1363,1247,1390,1314,10,516,957,724,640,939,12,472,406,523,750,375
1000134,긴고랑로7길,3583,2206,1377,13,386,698,737,799,950,5,141,382,398,493,787,8,245,316,339,306,163
1000133,긴고랑로20길,3154,1584,1570,5,376,699,809,810,455,1,142,358,402,408,273,4,234,341,407,402,182
1000132,광나루로52길,10878,6083,4795,16,940,1969,2969,3347,1637,10,465,1189,1822,1757,840,6,475,780,1147,1590,797
1000131,광나루로40길,2479,1494,985,1,250,452,598,711,467,0,89,248,367,463,327,1,161,204,231,248,140
1000130,광나루로37길,3178,1732,1446,5,355,672,780,854,512,2,127,302,421,518,362,3,228,370,359,336,150
1000129,광나루로36길,4547,2755,1792,6,533,1155,1106,1123,624,3,236,685,669,730,432,3,297,470,437,393,192
1000128,광나루로24길,3067,1465,1602,9,623,823,775,594,243,4,244,353,376,314,174,5,379,470,399,280,69
1000127,광나루로12길,2562,1398,1164,9,402,582,605,567,397,7,197,344,340,243,267,2,205,238,265,324,130
1000126,한림말길,1715,761,954,5,343,399,405,345,218,0,112,151,174,181,143,5,231,248,231,164,75
1000125,한림말3길,1436,624,812,4,218,308,386,327,193,2,76,120,156,143,127,2,142,188,230,184,66
1000124,청계천로10나길,12220,8079,4141,23,1309,2643,3036,3389,1820,17,713,1759,2179,2228,1183,6,596,884,857,1161,637
1000123,장터길,1393,550,843,6,228,318,312,312,217,2,71,124,130,110,113,4,157,194,182,202,104
1000122,용답중앙길,3295,1893,1402,7,408,726,812,667,675,5,220,435,406,338,489,2,188,291,406,329,186
1000121,용답29길,10825,6801,4024,25,2006,2719,2413,2003,1659,19,1055,1792,1588,1182,1165,6,951,927,825,821,494
1000120,왕십리로6길,16842,9782,7060,35,2708,4402,4280,3540,1877,22,1523,2950,2347,1645,1295,13,1185,1452,1933,1895,582
1000119,왕십리로31길,4246,2287,1959,10,768,965,979,883,641,5,228,550,646,526,332,5,540,415,333,357,309
1000118,왕십리로26길,11028,6060,4968,27,1662,2454,2695,2655,1535,15,572,1321,1633,1658,861,12,1090,1133,1062,997,674
1000117,왕십리로21길,3584,1947,1637,12,418,781,932,947,494,6,139,355,511,570,366,6,279,426,421,377,128
1000116,왕십리로14길,17720,10481,7239,30,2703,4419,4480,3862,2226,16,1501,2987,2541,1879,1557,14,1202,1432,1939,1983,669
1000115,아차산로5길,25791,14764,11027,60,4195,6920,6687,5024,2905,32,2147,4319,3761,2558,1947,28,2048,2601,2926,2466,958
1000114,아차산로15길,23053,14949,8104,89,3961,6103,5862,4611,2427,59,2031,4124,3995,2883,1857,30,1930,1979,1867,1728,570
1000113,아차산로11길,23838,15471,8367,85,4069,6311,6122,4635,2616,53,2062,4175,4150,3033,1998,32,2007,2136,1972,1602,618
1000112,송정4가길,11738,7450,4288,51,1881,3090,3009,2406,1301,38,925,1955,1979,1520,1033,13,956,1135,1030,886,268
1000111,송정12라길,2163,1164,999,1,372,542,500,426,322,1,179,311,255,206,212,0,193,231,245,220,110
1000110,성수일로6길,33332,19377,13955,77,5966,9108,8261,6272,3648,37,3041,5836,4831,3219,2413,40,2925,3272,3430,3053,1235
1000109,성수이로7길,49655,23085,26570,242,7980,12219,14195,12682,2337,155,4701,8598,5732,2422,1477,87,3279,3621,8463,10260,860
1000108,성수이로18길,18302,11970,6332,59,3059,4786,4552,3677,2169,37,1554,3306,3135,2364,1574,22,1505,1480,1417,1313,595
1000107,성덕정길,36587,15163,21424,110,5152,8509,11191,10675,950,77,3320,6181,3750,1256,579,33,1832,2328,7441,9419,371
1000106,성덕정17길,8513,5446,3067,120,1527,2234,2093,1585,954,62,704,1420,1414,1120,726,58,823,814,679,465,228
1000105,서울숲2길,4850,3184,1666,17,710,1192,1210,998,723,11,327,747,782,713,604,6,383,445,428,285,119
1000104,상원길,19094,11081,8013,39,3035,5055,4916,3993,2056,26,1689,3383,2790,1893,1300,13,1346,1672,2126,2100,756
1000103,상원12길,8451,5478,2973,17,1115,2031,2156,1919,1213,12,508,1332,1445,1259,922,5,607,699,711,660,291
1000102,사근동길,6837,3426,3411,3,1329,1534,1960,1462,549,3,353,745,999,893,433,0,976,789,961,569,116
1000101,무학봉길,967,387,580,2,115,234,239,217,160,2,26,79,104,92,84,0,89,155,135,125,76
1000100,무학봉28길,4790,2380,2410,15,976,1050,1088,937,724,7,261,569,673,514,356,8,715,481,415,423,368
1000099,무학로6길,10605,5919,4686,26,1627,2350,2589,2564,1449,15,569,1302,1592,1624,817,11,1058,1048,997,940,632
1000098,무수막길,1094,435,659,3,150,260,278,261,142,0,42,104,94,108,87,3,108,156,184,153,55
1000097,매봉길,2086,930,1156,9,329,513,515,464,256,2,109,219,229,209,162,7,220,294,286,255,94
1000096,마조로1길,8449,4471,3978,10,1645,1848,2312,1874,760,5,473,949,1261,1193,590,5,1172,899,1051,681,170
1000095,마조로16길,3657,2280,1377,5,364,770,959,1027,532,3,200,491,583,606,397,2,164,279,376,421,135
1000094,마장로39길,3118,2081,1037,5,318,625,796,890,484,3,182,431,523,568,374,2,136,194,273,322,110
1000093,마장로27길,10947,6638,4309,22,1321,2655,2843,2687,1419,16,637,1609,1794,1716,866,6,684,1046,1049,971,553
1000092,뚝섬로5길,45575,19952,25623,137,6736,11035,13589,12487,1591,97,4248,7844,4926,1862,975,40,2488,3191,8663,10625,616
1000091,둘레9길,38192,15964,22228,122,5595,8998,11680,10810,987,86,3491,6437,4062,1307,581,36,2104,2561,7618,9503,406
1000090,금호산길,1286,575,711,3,192,275,324,307,185,0,53,127,123,154,118,3,139,148,201,153,67
1000089,금호산2길,1127,540,587,0,140,235,278,278,196,0,46,116,147,121,110,0,94,119,131,157,86
1000088,고산자로6길,18732,7954,10778,21,2660,3885,5342,5481,1343,10,996,2143,2197,1616,992,11,1664,1742,3145,3865,351
1000087,후암로28길,6395,4040,2355,15,878,1678,1791,1442,591,1,449,1154,1294,790,352,14,429,524,497,652,239
1000086,효창원로39길,1380,704,676,2,143,340,406,306,183,1,47,173,230,148,105,1,96,167,176,158,78
1000085,회나무로13길,5214,3342,1872,20,1192,1633,1273,768,328,4,605,1083,915,507,228,16,587,550,358,261,100
1000084,한남대로20길,6791,3477,3314,23,1626,1985,1471,992,694,14,512,1030,825,588,508,9,1114,955,646,404,186
1000083,한강대로88길,18633,9353,9280,371,4866,5778,4437,2464,717,144,2109,3188,2347,1083,482,227,2757,2590,2090,1381,235
1000082,한강대로7길,11827,6294,5533,44,4918,2588,1825,1260,1192,14,1880,1351,1402,865,782,30,3038,1237,423,395,410
1000081,한강대로62길,16014,10466,5548,17,1888,4101,4912,3721,1375,5,871,2521,3590,2580,899,12,1017,1580,1322,1141,476
1000080,한강대로52길,16379,10697,5682,18,1945,4175,5011,3798,1432,5,888,2570,3652,2640,942,13,1057,1605,1359,1158,490
1000079,한강대로43길,28361,17764,10597,90,8001,9135,6420,3234,1481,37,3552,5967,4909,2314,985,53,4449,3168,1511,920,496
1000078,한강대로15길,13905,7372,6533,46,5237,3067,2301,1750,1504,15,2012,1583,1621,1089,1052,31,3225,1484,680,661,452
1000077,한강대로104길,45435,27496,17939,158,10681,14091,11510,6135,2860,23,2654,9084,8729,4860,2146,135,8027,5007,2781,1275,714
1000076,청파로73길,7404,4526,2878,23,939,1782,1495,1527,1638,11,405,1021,962,839,1288,12,534,761,533,688,350
1000075,청파로71길,8771,4669,4102,19,1444,2243,1986,1706,1373,12,458,1032,1133,964,1070,7,986,1211,853,742,303
1000074,청파로47나길,8895,4655,4240,21,1525,2237,2003,1725,1384,13,487,1039,1165,916,1035,8,1038,1198,838,809,349
1000073,청파로47길,18020,8136,9884,361,4680,5304,4276,2625,774,144,1843,2575,2007,1062,505,217,2837,2729,2269,1563,269
1000072,장문로45길,967,507,460,0,104,176,222,261,204,0,32,71,113,153,138,0,72,105,109,108,66
1000071,이태원로54길,13866,7187,6679,57,3453,5384,2905,1310,757,24,1311,2999,1754,617,482,33,2142,2385,1151,693,275
1000070,이태원로27길,6909,3636,3273,40,1927,2074,1266,1030,572,13,823,1116,666,653,365,27,1104,958,600,377,207
1000069,이촌로22길,8331,4597,3734,31,4281,1753,1280,671,315,9,1776,1043,1050,560,159,22,2505,710,230,111,156
1000068,원효로89길,24009,10247,13762,379,6498,7867,5537,2808,920,145,2623,3603,2299,1046,531,234,3875,4264,3238,1762,389
1000067,원효로53길,7424,4982,2442,45,962,2333,2142,1166,776,28,563,1662,1477,766,486,17,399,671,665,400,290
1000066,원효로41길,15772,10096,5676,94,5410,4239,3440,1858,731,56,2451,2901,2678,1507,503,38,2959,1338,762,351,228
1000065,원효로19길,18748,12036,6712,99,5688,4836,3985,2335,1805,58,2587,3309,3077,1820,1185,41,3101,1527,908,515,620
1000064,우사단로4길,4054,2284,1770,8,575,1382,1044,604,441,3,215,738,662,392,274,5,360,644,382,212,167
1000063,우사단로14길,5950,2862,3088,29,1322,1897,1391,874,437,10,518,1011,738,369,216,19,804,886,653,505,221
1000062,우사단로10길,7643,3687,3956,34,1850,2384,1683,981,711,15,559,1159,940,552,462,19,1291,1225,743,429,249
1000061,신흥로20길,5267,3285,1982,15,770,1403,1412,1199,468,2,402,975,1016,637,253,13,368,428,396,562,215
1000060,소월로20길,4354,2873,1481,15,739,1326,1263,719,292,2,401,928,926,457,159,13,338,398,337,262,133
1000059,서빙고로71길,3102,2052,1050,14,463,860,875,470,420,8,251,523,592,338,340,6,212,337,283,132,80
1000058,백범로90길,21113,11374,9739,94,4421,6843,5232,2955,1568,44,1937,3706,2975,1745,967,50,2484,3137,2257,1210,601
1000057,백범로79길,5822,3535,2287,11,698,1526,1527,1249,811,7,315,971,1002,764,476,4,383,555,525,485,335
1000056,두텁바위로1길,22686,11780,10906,377,5167,6502,5560,3576,1504,147,2247,3650,3146,1661,929,230,2920,2852,2414,1915,575
1000055,대사관로34길,5494,2894,2600,20,1246,1485,1166,881,696,11,409,809,656,520,489,9,837,676,510,361,207
1000054,녹사평대로46길,3795,2584,1211,13,775,1262,962,535,248,1,437,903,717,344,182,12,338,359,245,191,66
1000053,녹사평대로40나길,5937,3696,2241,14,1143,1811,1414,1060,495,1,587,1125,909,737,337,13,556,686,505,323,158
1000052,녹사평대로32길,4251,2328,1923,10,868,1115,902,868,488,2,419,578,442,567,320,8,449,537,460,301,168
1000051,녹사평대로26길,4566,2479,2087,13,833,1181,1058,952,529,5,359,587,538,630,360,8,474,594,520,322,169
1000050,녹사평대로11길,2681,1771,910,11,414,713,730,419,394,8,234,424,478,302,325,3,180,289,252,117,69
1000049,퇴계로90길,4827,2721,2106,12,759,1257,1115,1025,659,5,345,688,692,594,397,7,414,569,423,431,262
1000048,퇴계로8길,68559,43394,25165,207,10467,24221,20297,10758,2609,65,4515,14507,14070,8336,1901,142,5952,9714,6227,2422,708
1000047,퇴계로56길,43522,21590,21932,537,11694,12445,9321,6686,2839,213,5109,7253,5510,2414,1091,324,6585,5192,3811,4272,1748
1000046,퇴계로46길,43644,22045,21599,547,10933,12045,9723,7443,2953,219,5026,6966,5630,2910,1294,328,5907,5079,4093,4533,1659
1000045,퇴계로18길,28227,13126,15101,80,4199,9663,8276,4791,1218,14,1217,4136,3872,3165,722,66,2982,5527,4404,1626,496
1000044,퇴계로12길,31400,15068,16332,129,5528,10477,8863,5265,1138,55,1862,4754,4413,3305,679,74,3666,5723,4450,1960,459
1000043,청구로1길,2590,1150,1440,6,463,671,617,557,276,3,130,284,303,283,147,3,333,387,314,274,129
1000042,청구로17길,13120,6274,6846,54,3963,3851,2557,1773,922,18,1408,1883,1479,928,558,36,2555,1968,1078,845,364
1000041,장충단로8길,11707,5985,5722,33,2685,3481,2614,1762,1132,5,790,1761,1607,1097,725,28,1895,1720,1007,665,407
1000040,삼일대로4길,84234,46155,38079,171,12917,28591,24344,14029,4182,48,5062,15029,14066,9157,2793,123,7855,13562,10278,4872,1389
1000039,명동길,129323,71238,58085,395,21183,44457,37131,20574,5583,94,7528,22394,22739,14617,3866,301,13655,22063,14392,5957,1717
1000038,동호로8길,7420,3516,3904,36,1911,1896,1533,1219,825,14,698,962,830,531,481,22,1213,934,703,688,344
1000037,동호로20길,16936,8229,8707,66,4911,4874,3376,2317,1392,19,1612,2402,2049,1318,829,47,3299,2472,1327,999,563
1000036,동호로15길,14136,6774,7362,56,4102,4052,2824,1989,1113,16,1464,1960,1602,1056,676,40,2638,2092,1222,933,437
1000035,동호로11길,4113,1878,2235,17,737,1069,1038,767,485,5,254,505,493,343,278,12,483,564,545,424,207
1000034,동호로10길,12439,6031,6408,40,3671,3646,2460,1707,915,16,1285,1808,1438,927,557,24,2386,1838,1022,780,358
1000033,다산로39길,8779,4687,4092,23,2029,2377,1868,1608,874,11,859,1360,1035,903,519,12,1170,1017,833,705,355
1000032,다산로38길,7221,3691,3530,19,1659,1745,1567,1453,778,10,651,904,850,799,477,9,1008,841,717,654,301
1000031,다산로36길,3116,1450,1666,10,731,848,712,545,270,5,238,400,359,278,170,5,493,448,353,267,100
1000030,다산로33길,10247,5356,4891,27,2149,2800,2244,1894,1133,9,826,1535,1278,1066,642,18,1323,1265,966,828,491
1000029,난계로21길,3323,1967,1356,5,560,856,793,667,442,1,258,528,507,402,271,4,302,328,286,265,171
1000028,난계로11길,4927,2997,1930,10,721,1248,1183,1114,651,5,338,752,785,703,414,5,383,496,398,411,237
1000027,필운대로1길,4396,2109,2287,15,561,913,980,973,954,10,253,447,502,412,485,5,308,466,478,561,469
1000026,평창길,812,363,449,1,121,152,164,196,178,1,35,72,96,70,89,0,86,80,68,126,89
1000025,통일로12길,1236,625,611,4,144,341,294,300,153,0,53,171,140,144,117,4,91,170,154,156,36
1000024,창신길,1921,867,1054,0,233,416,457,509,306,0,77,180,229,223,158,0,156,236,228,286,148
1000023,창신5길,3331,1551,1780,3,455,792,802,732,547,1,145,358,402,333,312,2,310,434,400,399,235
1000022,창신2길,5751,3450,2301,9,747,1432,1534,1254,775,3,394,903,928,725,497,6,353,529,606,529,278
1000021,창경궁로35길,3045,1228,1817,4,518,823,903,524,273,0,120,308,347,249,204,4,398,515,556,275,69
1000020,지봉로8길,3125,1325,1800,10,430,755,842,646,442,5,127,294,308,309,282,5,303,461,534,337,160
1000019,종로65길,9227,4586,4641,33,966,1554,1802,2168,2704,10,322,766,868,986,1634,23,644,788,934,1182,1070
1000018,종로58가길,6966,3724,3242,13,1404,2186,1704,1040,619,6,746,1138,894,542,398,7,658,1048,810,498,221
1000017,종로24길,11993,7008,4985,37,1382,2534,2794,2876,2370,15,569,1430,1702,1694,1598,22,813,1104,1092,1182,772
1000016,자하문로7길,6622,4140,2482,7,1344,2222,1591,1015,443,1,781,1440,1021,626,271,6,563,782,570,389,172
1000015,이화장길,9945,6208,3737,32,1638,3190,2698,1704,683,12,700,1871,1944,1200,481,20,938,1319,754,504,202
1000014,율곡로16길,17515,12094,5421,44,2378,5902,5214,2805,1172,15,996,3893,4127,2202,861,29,1382,2009,1087,603,311
1000013,율곡로10길,21762,10076,11686,35,4520,7462,5264,3175,1306,6,1273,3133,2908,1802,954,29,3247,4329,2356,1373,352
1000012,옥인길,1538,763,775,0,227,415,412,311,173,0,87,198,209,165,104,0,140,217,203,146,69
1000011,숭인동길,8362,4336,4026,26,868,1326,1511,1969,2662,6,290,708,854,894,1584,20,578,618,657,1075,1078
1000010,성균관로5길,20714,9412,11302,37,4086,7021,5094,3286,1190,10,1086,2688,2692,2022,914,27,3000,4333,2402,1264,276
1000009,삼청로5길,4899,3294,1605,5,820,1544,1332,963,235,1,500,1060,943,662,128,4,320,484,389,301,107
1000008,북촌로5나길,5532,3682,1850,8,867,1701,1486,1082,388,4,521,1138,1035,738,246,4,346,563,451,344,142
1000007,북촌로5길,18646,13467,5179,16,2745,6583,5330,3042,930,11,1530,4785,4133,2343,665,5,1215,1798,1197,699,265
1000006,북촌로11길,17681,12320,5361,22,2477,6154,5011,2925,1092,18,1189,4276,3826,2218,793,4,1288,1878,1185,707,299
1000005,백석동길,1762,1016,746,3,353,536,432,282,156,2,118,297,304,184,111,1,235,239,128,98,45
1000004,명륜길,18294,8085,10209,19,3823,6370,4405,2805,872,2,988,2399,2330,1675,691,17,2835,3971,2075,1130,181
1000003,돈화문로11가길,54090,32215,21875,106,9555,18642,13946,8364,3477,43,3441,10645,9743,5938,2405,63,6114,7997,4203,2426,1072
1000002,난계로27길,9382,5035,4347,68,1120,1497,1745,2315,2637,42,480,850,1007,1148,1508,26,640,647,738,1167,1129
1000001,계동길,31172,17818,13354,34,5352,11175,8318,4861,1432,14,1846,6053,5501,3334,1070,20,3506,5122,2817,1527,362